5 30 0.00

#### New layer start
8 -0.0295653641
0 3 13 0 -1 1 0.4565051198 0.5390407443
3 9 4 2 -1 -1 0.1298949867 -0.1501832157
0 0 6 11 -1 1 0.0772647038 0.6116763353
1 0 4 0 -1 -1 0.0802942663 -0.0619979464
0 18 1 0 -1 1 0.0634634197 0.0046189623
0 9 2 5 -1 1 0.0566271544 0.3011058271
0 3 12 2 -1 -1 0.0760224015 0.5744815469
0 20 1 0 -1 1 0.0599220581 0.0027145487

#### New layer start
16 -0.3787831366
0 2 14 0 -1 1 0.2206424028 0.6788707972
0 13 2 2 -1 1 0.1058688015 0.5023165941
0 18 1 0 -1 1 0.0694912151 0.0045766830
3 3 2 4 -1 1 0.0472004898 0.0629846156
0 0 1 10 -1 1 0.0571608804 0.1424668133
1 17 1 0 -1 -1 0.0490695536 -0.0023201981
2 12 1 0 -1 1 0.0444172025 0.0043010954
3 3 3 1 -1 1 0.0347191542 0.0827625319
0 1 1 0 -1 1 0.0486057773 0.0028169909
0 19 1 0 -1 1 0.0490695648 0.0044646417
3 11 4 0 -1 -1 0.0560137592 -0.3126765490
2 25 1 3 -1 1 0.0555777662 -0.0583637506
0 10 1 0 -1 1 0.0391671807 0.0038463813
2 7 1 3 -1 -1 0.0419905633 -0.0043880753
0 15 1 13 -1 1 0.0402959548 0.2514126003
0 3 1 0 -1 1 0.0407027118 0.0027181138

#### New layer start
32 -0.2149211913
0 2 14 0 -1 1 0.1287776530 0.7147413492
3 3 4 2 -1 1 0.0547555126 0.1253221631
0 17 1 0 -1 1 0.0499320328 0.0045370371
0 0 11 2 -1 1 0.0339181274 0.5460116863
1 16 1 0 -1 -1 0.0250869989 -0.0019195626
0 0 3 1 -1 1 0.0266721081 0.0474981852
0 18 1 0 -1 1 0.0303717107 0.0044212374
2 3 5 16 -1 1 0.0293483175 0.0496407673
0 0 1 0 -1 1 0.0313637033 0.0028169909
1 12 1 0 -1 1 0.0275765508 0.0022526635
0 28 1 0 -1 1 0.0276100934 0.0046620299
0 19 1 0 -1 1 0.0295293760 0.0045766830
3 12 2 2 -1 -1 0.0339959711 -0.3783339262
1 11 1 0 -1 1 0.0272286255 0.0020164242
0 20 1 0 -1 1 0.0238325279 0.0027253015
3 15 5 0 -1 1 0.0263064317 0.1002439111
0 11 1 0 -1 1 0.0391143672 0.0038463813
0 3 13 0 -1 1 0.0329442360 0.6072400808
0 3 1 0 -1 1 0.0266803075 0.0027181138
0 0 1 3 -1 -1 0.0228639003 -0.0042738165
0 21 1 0 -1 1 0.0205572322 0.0042828321
1 17 1 0 -1 -1 0.0224145334 -0.0023697214
0 10 1 0 -1 1 0.0201794598 0.0038463813
3 6 4 0 -1 1 0.0189054199 0.1766746938
0 2 13 2 -1 -1 0.0284960978 0.7626741529
1 12 1 6 -1 -1 0.0259596482 -0.2516553998
0 1 1 0 -1 1 0.0272835921 0.0038095377
0 15 5 5 -1 1 0.0237532984 0.1455965936
3 16 3 2 -1 1 0.0211882349 0.1569103599
0 0 6 14 -1 1 0.0198123734 0.8341224194
0 4 1 0 -1 -1 0.0215809140 -0.0042828321
1 26 1 0 -1 1 0.0219556615 -0.0158982910

#### New layer start
48 -0.1525866389
0 2 14 0 -1 1 0.0899154469 0.7147413492
3 3 4 2 -1 1 0.0360776633 0.1253221631
0 18 1 0 -1 1 0.0352706760 0.0045059673
0 0 12 1 -1 1 0.0263560452 0.5837251544
3 12 2 2 -1 -1 0.0237643402 -0.2512143254
0 0 1 3 -1 1 0.0188621767 0.0580552742
1 17 1 0 -1 -1 0.0192180350 -0.0023201981
1 11 1 0 -1 1 0.0177045930 0.0020046602
0 28 1 0 -1 1 0.0287815556 0.0046620299
0 19 1 0 -1 1 0.0300041959 0.0044646417
0 25 1 0 -1 1 0.0230998881 0.0038334436
0 11 1 0 -1 1 0.0206036214 0.0037365458
0 12 1 0 -1 -1 0.0205440857 -0.0031911172
0 21 1 0 -1 1 0.0160589684 0.0042828321
0 0 1 0 -1 1 0.0148950564 0.0027533290
1 13 2 3 -1 -1 0.0140872328 -0.0171206109
1 14 3 0 -1 -1 0.0254627392 -0.1673185527
1 25 1 0 -1 1 0.0279830974 -0.0142350551
0 4 1 0 -1 1 0.0202358235 0.0038388988
0 3 1 1 -1 -1 0.0212315544 -0.0028169909
0 3 13 0 -1 1 0.0219792202 0.6159809828
0 2 1 0 -1 1 0.0238432530 0.0027084202
0 1 1 1 -1 -1 0.0174193289 -0.0027641393
1 26 1 0 -1 1 0.0173009746 -0.0150107294
0 3 1 0 -1 1 0.0245120954 0.0027181138
0 1 1 0 -1 1 0.0192466564 0.0027533290
0 20 1 0 -1 1 0.0173732508 0.0026343483
3 11 4 0 -1 -1 0.0188424829 -0.3501126170
0 10 1 0 -1 1 0.0158956870 0.0038463813
0 27 1 1 -1 -1 0.0141309295 -0.0039146291
3 17 1 0 -1 1 0.0125917885 0.0020366684
0 0 2 3 -1 -1 0.0134084839 0.1670597494
2 14 1 7 -1 -1 0.0205231439 -0.0041006790
2 4 1 23 -1 1 0.0186050553 0.0027569132
1 18 1 0 -1 -1 0.0175289232 -0.0023201981
0 9 1 0 -1 -1 0.0178830773 -0.0038388988
1 27 1 0 -1 1 0.0155095123 -0.0138409957
0 3 7 12 -1 1 0.0208708365 0.9269661307
3 18 1 0 -1 1 0.0167537834 0.0020083236
0 17 1 0 -1 1 0.0163826440 0.0045272042
0 26 1 0 -1 -1 0.0190080553 -0.0039221114
0 24 1 0 -1 1 0.0186094996 0.0037665986
0 2 13 2 -1 -1 0.0169710089 0.7622131109
2 10 1 0 -1 -1 0.0137653900 -0.0038314739
2 27 1 0 -1 1 0.0121292342 0.0038388988
0 7 1 0 -1 -1 0.0096289935 -0.0042828321
0 8 1 1 -1 1 0.0097294897 0.0036985478
3 7 2 0 -1 1 0.0093965009 -0.2511160970

#### New layer start
64 -0.1343483329
0 2 14 0 -1 1 0.0675976500 0.7147413492
3 3 4 2 -1 1 0.0269032363 0.1256800741
0 18 1 0 -1 1 0.0249670725 0.0046189623
0 0 14 0 -1 1 0.0217405986 0.6762164235
0 0 4 2 -1 1 0.0172137003 0.0827973783
1 17 1 0 -1 -1 0.0188399628 -0.0023201981
3 18 1 0 -1 1 0.0154362964 0.0020083236
0 1 3 2 -1 -1 0.0150207607 -0.0827336907
0 1 1 0 -1 1 0.0204238724 0.0028169909
0 19 1 0 -1 1 0.0190384183 0.0045766830
1 18 1 0 -1 -1 0.0203432478 -0.0020366684
3 11 4 0 -1 -1 0.0205337778 -0.3399256468
0 20 1 0 -1 1 0.0188190173 0.0026343483
0 10 1 4 -1 1 0.0174905825 0.1679416150
3 16 3 2 -1 1 0.0196238775 0.1674899608
0 21 1 0 -1 1 0.0170735102 0.0042828321
0 28 1 0 -1 1 0.0181083716 -0.0293257646
0 3 1 0 -1 1 0.0177726801 0.0027181138
0 1 1 2 -1 -1 0.0170052648 -0.0042828321
0 2 1 0 -1 1 0.0175112952 0.0028169909
0 3 13 0 -1 1 0.0200150944 0.6159416437
0 26 1 0 -1 1 0.0176765360 0.0040733367
1 26 1 0 -1 1 0.0154793104 -0.0145808235
0 0 1 0 -1 1 0.0187349133 0.0028169909
0 0 1 1 -1 -1 0.0151635623 -0.0027605165
0 27 1 0 -1 -1 0.0137657290 -0.0039221114
3 16 2 4 -1 1 0.0145204030 0.1304612905
0 10 1 0 -1 1 0.0143188341 0.0038463813
1 11 1 0 -1 1 0.0156460535 0.0022780108
1 10 1 0 -1 1 0.0136276213 0.0020877647
0 12 1 0 -1 -1 0.0135098901 -0.0038247770
0 17 1 0 -1 1 0.0184685066 0.0045272042
0 1 9 11 -1 1 0.0144563951 0.9323902130
2 2 1 19 -1 -1 0.0151851894 0.0829445571
0 22 1 0 -1 1 0.0142798899 0.0045766830
2 27 1 1 -1 1 0.0125816856 0.0037807319
0 25 1 0 -1 1 0.0143326446 0.0046086861
3 17 1 0 -1 1 0.0114596579 0.0020366684
3 2 8 1 -1 1 0.0131042134 -0.1952283382
0 3 1 1 -1 -1 0.0106337629 -0.0041841739
2 14 6 1 -1 -1 0.0161722060 -0.1677946448
0 4 1 0 -1 1 0.0154665774 0.0043393951
1 25 1 0 -1 1 0.0140478117 -0.0150804557
0 23 1 0 -1 -1 0.0131072737 -0.0042828321
0 8 1 0 -1 -1 0.0100023719 -0.0044545420
1 22 1 0 -1 1 0.0110477880 -0.0138251781
1 6 1 2 -1 -1 0.0095966598 -0.0017305959
0 4 1 7 -1 1 0.0104932059 0.0040128157
0 24 1 0 -1 1 0.0140964529 0.0043671452
0 4 1 3 -1 -1 0.0131647810 -0.0027825506
0 14 7 0 -1 1 0.0108676562 0.1501057446
3 14 2 1 -1 1 0.0118962163 0.0343893319
2 4 5 6 -1 1 0.0099790981 0.3057307005
2 3 6 2 -1 1 0.0096245296 0.0700140148
2 16 1 2 -1 1 0.0112204375 0.0045895707
0 26 1 2 -1 -1 0.0078607788 -0.0043880753
2 9 1 16 -1 -1 0.0135230850 0.0498618782
3 16 2 2 -1 1 0.0111413961 0.1615619063
1 24 1 0 -1 1 0.0100335227 -0.0155417528
2 7 1 3 -1 -1 0.0110465689 -0.0040940046
0 7 1 3 -1 1 0.0111623881 0.0045045959
1 14 1 0 -1 -1 0.0088721309 -0.0023364997
1 3 1 2 -1 -1 0.0087852245 0.0311529506
3 17 3 0 -1 1 0.0083656125 0.1101442724
