6 50 0.00 0

#### New layer start
4 -0.8074195385
0 15 17 1 -1 1 0.4004386067 0.1470588297
1 21 4 1 -1 -1 0.2085574120 -0.0625000000
0 0 12 26 -1 1 0.1925680637 -0.0416666679
0 27 1 4 -1 1 0.1984235197 0.5000000000

#### New layer start
8 -0.5774462223
0 15 17 1 -1 1 0.2373647243 0.1470588297
1 22 2 3 -1 -1 0.1246396974 -0.1250000000
0 0 11 28 -1 1 0.1061779559 -0.0454545468
0 27 1 4 -1 1 0.1243557706 0.5000000000
1 17 5 1 -1 -1 0.1016145498 -0.1500000060
0 0 4 42 -1 -1 0.1101339757 0.1250000000
0 3 12 13 -1 1 0.1000559852 0.2916666865
0 8 14 1 -1 -1 0.0956494287 -0.1785714328

#### New layer start
16 -0.3075406849
0 15 17 1 -1 1 0.1483825445 0.1470588297
1 22 2 3 -1 -1 0.0804960132 -0.1250000000
2 6 6 17 -1 1 0.0681346655 0.0833333358
0 0 11 28 -1 1 0.0755590722 -0.0454545468
1 17 6 0 -1 -1 0.0733453333 -0.2083333433
2 28 4 0 -1 -1 0.0596526563 -0.1250000000
0 0 4 42 -1 -1 0.0691705272 0.1250000000
1 30 3 3 -1 -1 0.0651216581 -0.2500000000
1 6 10 1 -1 -1 0.0472322777 -0.1250000000
0 0 8 34 -1 1 0.0461164899 -0.0625000000
2 26 7 1 -1 -1 0.0658725575 -0.3571428657
0 0 3 42 -1 -1 0.0460587814 0.1666666716
3 8 5 3 -1 -1 0.0426746272 -0.2500000000
0 0 7 36 -1 1 0.0342795365 -0.0714285746
2 19 5 7 -1 -1 0.0420412049 -0.5000000000
0 38 6 0 -1 -1 0.0358568989 0.0833333358

#### New layer start
32 -0.1861611307
0 0 16 0 -1 -1 0.0904210657 -0.1562500000
0 7 19 1 -1 1 0.0603776947 0.2368421108
0 0 11 28 -1 1 0.0472404957 -0.0454545468
0 10 12 2 -1 -1 0.0595153645 -0.2083333433
1 12 10 4 -1 -1 0.0542053021 -0.4250000119
0 0 4 42 -1 -1 0.0527452752 0.1250000000
2 34 3 2 -1 -1 0.0351976156 -0.1666666716
1 19 5 1 -1 -1 0.0307254419 -0.1500000060
1 10 8 0 -1 -1 0.0362491012 -0.0312500000
0 0 7 36 -1 1 0.0369522795 -0.0714285746
2 27 7 1 -1 -1 0.0424392931 -0.3571428657
0 0 10 30 -1 1 0.0252836905 -0.0500000007
3 10 4 4 -1 -1 0.0297885314 -0.3125000000
1 23 4 1 -1 -1 0.0290388651 -0.0625000000
0 38 6 0 -1 -1 0.0225850139 0.0833333358
1 4 10 2 -1 -1 0.0265820008 -0.1250000000
1 19 9 2 -1 -1 0.0218037181 -0.0277777780
1 34 1 4 -1 -1 0.0181738902 -0.7500000000
0 0 4 41 -1 -1 0.0228567719 0.1250000000
3 12 4 9 -1 1 0.0216943938 0.6875000000
0 11 9 21 -1 1 0.0222389959 -0.0555555560
3 16 4 0 -1 1 0.0225398876 0.6875000000
1 2 2 20 -1 -1 0.0229567345 0.1250000000
0 5 15 1 -1 -1 0.0211315211 -0.0333333351
1 7 12 1 -1 -1 0.0211176351 -0.1041666716
2 2 13 19 -1 -1 0.0203911029 0.0384615399
0 6 22 0 -1 1 0.0152383670 0.1590909064
1 11 8 1 -1 -1 0.0168953016 -0.1562500000
0 0 5 40 -1 1 0.0149053074 -0.1000000015
1 15 3 1 -1 1 0.0218715388 0.9166666865
0 0 6 38 -1 1 0.0168837309 -0.0833333358
1 5 8 0 -1 -1 0.0199506227 -0.2187500000

#### New layer start
48 -0.1244407594
0 0 16 0 -1 -1 0.0764799118 -0.1562500000
0 9 16 0 -1 1 0.0452114493 0.3437500000
0 7 14 1 -1 -1 0.0388868786 -0.1785714328
0 0 9 32 -1 1 0.0464205667 -0.0555555560
0 12 8 8 -1 1 0.0468474999 1.0625000000
0 0 5 40 -1 -1 0.0412366614 0.1000000015
1 13 10 3 -1 1 0.0316359885 0.2750000060
0 7 9 15 -1 1 0.0319905356 0.3888888955
1 19 5 1 -1 -1 0.0269110557 -0.1500000060
0 0 6 38 -1 1 0.0275933072 -0.0833333358
2 29 6 1 -1 -1 0.0292303488 -0.4166666865
1 9 10 0 -1 -1 0.0239209421 -0.1250000000
0 2 6 36 -1 -1 0.0278480444 0.0833333358
1 8 6 2 -1 -1 0.0246279966 -0.2083333433
1 23 4 0 -1 -1 0.0204859003 -0.0625000000
0 0 12 26 -1 1 0.0199683327 -0.0416666679
3 17 4 0 -1 -1 0.0228825044 -0.6875000000
1 15 4 2 -1 -1 0.0109013151 -0.3125000000
2 31 6 1 -1 -1 0.0049374788 -0.4166666865
2 21 4 1 -1 1 0.0077707269 -0.8750000000
1 16 2 3 -1 1 0.0060444116 0.8750000000
1 14 1 4 -1 -1 0.0049378262 1.7500000000
3 8 5 4 -1 -1 0.0064447657 -0.2500000000
2 8 3 15 -1 1 0.0034483874 -1.5000000000
0 0 3 43 -1 -1 0.0187761318 0.1666666716
3 27 5 0 -1 1 0.0194862150 0.2500000000
0 5 14 1 -1 -1 0.0162765905 -0.1785714328
1 2 4 18 -1 -1 0.0196880586 0.0625000000
0 7 21 1 -1 1 0.0192660075 0.1666666716
1 0 12 0 -1 -1 0.0210189987 -0.1041666716
1 0 13 1 -1 1 0.0146675501 0.2884615660
0 9 16 8 -1 -1 0.0171457734 0.4062500000
2 30 6 1 -1 -1 0.0149277393 -0.4166666865
0 0 2 26 -1 1 0.0179090332 -0.2500000000
3 19 2 5 -1 1 0.0155510269 0.3750000000
0 7 19 5 -1 1 0.0106284479 0.1842105240
3 29 5 0 -1 -1 0.0103571378 -0.5500000119
0 0 3 25 -1 1 0.0090483474 -0.1666666716
1 15 2 3 -1 -1 0.0078429207 -0.1250000000
3 8 5 6 -1 1 0.0063666594 0.3500000238
0 14 7 22 -1 1 0.0223666243 -0.0714285746
1 0 13 0 -1 -1 0.0217186436 -0.0576923117
0 1 17 0 -1 -1 0.0127377370 -0.0294117648
1 9 11 0 -1 -1 0.0134617044 -0.0681818202
0 0 7 26 -1 1 0.0127177732 -0.0714285746
3 30 1 3 -1 1 0.0183993299 5.2500000000
2 2 13 14 -1 1 0.0182546601 -0.0384615399
0 31 1 1 -1 1 0.0147206737 4.5000000000

#### New layer start
64 -0.1070869341
1 0 16 1 -1 1 0.0548765101 0.2343750000
1 14 12 0 -1 -1 0.0290924888 -0.3958333433
0 0 5 40 -1 -1 0.0353348106 0.1000000015
0 8 14 1 -1 -1 0.0320819207 -0.1785714328
0 0 25 0 -1 1 0.0282248780 0.4599999785
0 0 9 32 -1 1 0.0273923036 -0.0555555560
1 15 1 14 -1 -1 0.0241788421 -1.2500000000
0 2 17 0 -1 -1 0.0202445816 -0.1470588297
1 4 3 18 -1 -1 0.0218676720 0.0833333358
1 16 2 3 -1 -1 0.0184158124 -0.1250000000
0 7 20 3 -1 1 0.0175832268 0.1750000119
1 6 10 0 -1 -1 0.0190148167 -0.1250000000
0 3 5 36 -1 -1 0.0200904552 0.1000000015
3 19 4 3 -1 -1 0.0206812415 -0.1875000000
1 16 6 0 -1 -1 0.0178617202 -0.2083333433
2 30 6 1 -1 -1 0.0162108317 -0.4166666865
0 0 6 38 -1 1 0.0243790336 -0.0833333358
3 16 4 0 -1 1 0.0208835322 0.6875000000
2 2 15 15 -1 -1 0.0148183685 0.1000000089
1 9 10 1 -1 -1 0.0164388195 -0.1250000000
0 0 15 1 -1 -1 0.0168567821 -0.1666666865
1 3 2 18 -1 -1 0.0162581485 0.1250000000
1 9 6 0 -1 -1 0.0143474052 -0.2083333433
2 2 16 12 -1 1 0.0140977874 -0.0312500000
2 31 4 1 -1 1 0.0173911098 1.6250000000
0 0 24 1 -1 -1 0.0077728443 -0.1041666716
0 10 1 23 -1 1 0.0047730953 -2.5000000000
3 11 5 0 -1 1 0.0066352012 0.5500000119
0 35 1 1 -1 -1 0.0044886894 1.5000000000
1 31 5 1 -1 -1 0.0042511141 -0.5500000119
0 18 3 11 -1 1 0.0030566212 -1.5000000000
0 16 13 0 -1 -1 0.0039323824 -0.1923077106
0 0 12 26 -1 1 0.0191270653 -0.0416666679
3 28 6 0 -1 1 0.0163541026 0.2083333433
2 2 24 0 -1 -1 0.0113526294 0.0208333340
0 0 13 1 -1 -1 0.0139855854 -0.1923077106
1 6 12 0 -1 -1 0.0133798756 -0.1041666716
0 23 8 0 -1 1 0.0135862995 0.3125000000
0 0 4 42 -1 1 0.0116661657 -0.1250000000
3 30 2 0 -1 1 0.0140125398 1.8750000000
0 1 4 41 -1 -1 0.0149808880 0.1250000000
1 1 13 0 -1 -1 0.0154732103 -0.0961538553
3 14 4 5 -1 -1 0.0104966126 -0.1875000000
0 4 14 1 -1 -1 0.0119342124 -0.1785714328
2 12 11 16 -1 -1 0.0125136329 0.0454545468
3 12 5 0 -1 1 0.0113059357 0.5500000119
0 13 5 27 -1 1 0.0127942553 -0.1000000015
1 28 5 0 -1 1 0.0147947837 1.4500000477
0 35 7 1 -1 -1 0.0138417864 0.0714285746
1 6 3 3 -1 1 0.0128246136 0.9166666865
0 17 6 21 -1 1 0.0132429842 -0.0833333358
3 26 1 3 -1 -1 0.0113807060 -1.2500000000
2 9 20 0 -1 -1 0.0125819314 0.0250000004
1 9 6 1 -1 -1 0.0108206561 -0.2083333433
2 2 16 14 -1 1 0.0106465779 -0.0312500000
2 14 5 14 -1 -1 0.0105194058 -0.5000000000
1 0 3 9 -1 -1 0.0117504979 0.0833333358
3 5 6 6 -1 -1 0.0124965785 -0.1250000000
2 2 12 22 -1 -1 0.0099725975 0.0416666679
2 12 5 15 -1 -1 0.0098426882 -0.7000000477
0 15 5 25 -1 1 0.0127551565 -0.1000000015
3 11 2 15 -1 1 0.0125067802 1.3750000000
0 0 7 36 -1 1 0.0121065499 -0.0714285746
1 5 8 7 -1 -1 0.0114168655 -2.9687500000
