## 2blink-300-500ms

10 35 60.00

#### New layer start
4 -0.0540251881
2 10 5 9 -1 1 0.2474596351 0.1541047394
2 16 3 0 -1 -1 0.2464436740 -0.1373311728
0 2 6 4 -1 -1 0.3014848232 -0.1717129797
3 17 3 1 -1 1 0.2046075165 0.1490509361

#### New layer start
8 -0.1757331491
3 16 4 0 -1 1 0.1284684688 0.2018395513
3 11 3 1 -1 -1 0.1351176202 -0.3238762617
1 2 8 2 -1 1 0.1677249074 0.0459044650
3 15 3 0 -1 1 0.1435413659 0.1941664219
3 18 2 2 -1 1 0.1592053771 0.2655105591
0 8 10 0 -1 -1 0.1168735251 0.1486213207
1 22 1 3 -1 -1 0.0776555389 -0.0994480103
2 14 2 1 -1 1 0.0714097694 0.2501389086

#### New layer start
16 -0.2450365424
2 10 5 9 -1 1 0.0233038701 0.3422451615
2 9 2 6 -1 1 0.0418894738 0.1698571146
3 15 2 2 -1 1 0.0769374743 0.3640312552
2 2 5 17 -1 1 0.0667452961 0.0827727467
3 13 4 0 -1 -1 0.0718860403 -0.2575379014
1 3 8 0 -1 1 0.0995375514 0.0450989306
2 7 3 11 -1 -1 0.0459879823 -0.1409571171
3 10 3 1 -1 -1 0.0832150877 -0.3779705763
0 9 7 2 -1 -1 0.0709013864 0.1036970988
0 13 4 8 -1 1 0.0912533030 0.0292380489
2 23 1 0 -1 -1 0.0664662495 -0.0757954568
0 18 1 2 -1 -1 0.0569083057 -0.2195826769
0 5 2 20 -1 -1 0.0581857897 0.0583722778
2 10 1 12 -1 -1 0.0714349374 -0.2302594185
3 18 1 0 -1 -1 0.0384098850 -0.0420697033
2 15 3 13 -1 -1 0.0369356759 -0.1244287938

#### New layer start
32 -0.1462243348
2 10 5 9 -1 1 0.0094083669 0.3861803710
0 17 2 2 -1 -1 0.0286963973 -0.1676558703
1 2 8 1 -1 1 0.0373215377 0.0710850731
3 14 3 1 -1 -1 0.0381967165 -0.3901683688
1 21 4 1 -1 -1 0.0295278337 -0.0772393048
2 2 3 10 -1 1 0.0260991994 0.1419867128
1 8 3 7 -1 1 0.0431133211 -0.0748837441
3 10 3 1 -1 -1 0.0477208681 -0.4811553359
1 15 1 3 -1 -1 0.0309038553 -0.2354216278
1 8 1 2 -1 -1 0.0383312665 -0.0862722099
3 17 1 2 -1 1 0.0312020462 0.4152660370
3 19 1 0 -1 -1 0.0242297817 -0.0545501262
0 1 3 3 -1 -1 0.0305002928 0.0212500338
3 4 5 0 -1 1 0.0323242247 0.1512274146
1 20 1 3 -1 1 0.0340428576 0.4344353378
0 13 4 8 -1 1 0.0443667918 0.0055105835
0 7 11 1 -1 -1 0.0306969937 0.0791077465
2 24 2 1 -1 -1 0.0339835770 -0.1140090078
3 17 1 0 -1 -1 0.0310100075 -0.0841625482
3 19 1 1 -1 -1 0.0310167093 -0.0663889647
3 18 1 0 -1 -1 0.0248349030 -0.0558578447
3 16 1 0 -1 -1 0.0233537983 -0.0714781731
2 6 3 23 -1 -1 0.0231895801 0.0487120971
2 6 2 18 -1 1 0.0334209204 0.1120067090
1 11 7 0 -1 -1 0.0312664285 0.2321031988
0 0 2 31 -1 1 0.0206533372 -0.0590169989
2 12 1 0 -1 1 0.0285225306 0.1130189151
0 7 1 20 -1 -1 0.0327498354 0.0642989278
2 7 6 4 -1 -1 0.0308158379 0.1444796324
1 20 1 2 -1 -1 0.0353926197 -0.0846688077
2 7 4 5 -1 1 0.0283979960 0.0768473595
2 18 1 0 -1 1 0.0347084403 0.0544331074

#### New layer start
64 -0.0936961398
2 10 5 9 -1 1 0.0066634580 0.3962664008
0 7 3 7 -1 1 0.0147889452 -0.5255982876
3 19 3 1 -1 -1 0.0206367653 -0.3219774365
0 16 1 2 -1 1 0.0163034648 0.2328176796
1 10 7 1 -1 1 0.0106518446 0.0107043665
3 10 4 0 -1 -1 0.0136680342 -0.4019507766
1 3 8 0 -1 1 0.0156779028 0.0854380503
3 22 3 1 -1 -1 0.0137123466 -0.2804682851
2 2 3 1 -1 1 0.0154070826 -0.0303367041
2 17 1 1 -1 -1 0.0171435867 -0.3373137414
0 4 2 22 -1 -1 0.0160402246 0.0583874509
3 19 1 0 -1 -1 0.0231127758 -0.0848349556
0 12 6 6 -1 1 0.0166486800 0.0431327187
1 16 1 1 -1 -1 0.0136690186 -0.1732813865
2 9 3 10 -1 -1 0.0230975877 -0.1467460394
2 16 1 0 -1 -1 0.0222511664 -0.1861291528
3 18 1 0 -1 -1 0.0211618114 -0.0838429928
2 24 5 1 -1 -1 0.0239682738 -0.0605064146
2 5 4 6 -1 1 0.0157559384 0.0890946835
0 8 5 6 -1 -1 0.0179369170 -0.0461666696
3 9 3 1 -1 -1 0.0211869385 -0.4109722674
2 5 6 7 -1 -1 0.0126297520 0.0492775217
3 9 2 6 -1 -1 0.0145696029 -0.0143402778
1 24 1 1 -1 -1 0.0092340019 -0.0714781731
2 21 2 1 -1 -1 0.0164541807 -0.0988194495
0 2 2 3 -1 -1 0.0136310523 0.0150187975
0 0 2 30 -1 1 0.0172813069 -0.0608660839
3 9 5 5 -1 -1 0.0194024574 0.1393904388
2 5 2 17 -1 1 0.0141417393 0.0705505311
0 20 5 0 -1 -1 0.0170624629 0.3438812196
2 14 3 11 -1 1 0.0112273414 0.2526121140
3 4 5 0 -1 1 0.0229162425 0.1613563299
0 20 1 1 -1 -1 0.0212386064 -0.2020739317
0 13 1 6 -1 -1 0.0115356129 0.0966092050
1 24 1 0 -1 1 0.0152129792 0.0405480489
2 5 1 27 -1 -1 0.0127854832 0.0635662079
0 10 1 3 -1 -1 0.0218899213 -0.2586252689
0 30 1 3 -1 1 0.0140388031 -0.0302904043
0 25 1 8 -1 -1 0.0148931919 -0.3065104783
2 6 4 16 -1 1 0.0164910834 0.1462019384
1 9 1 9 -1 1 0.0195097532 -0.0968564823
3 2 5 6 -1 -1 0.0180472173 0.0040749963
3 11 1 0 -1 -1 0.0088423453 -0.0671842396
3 16 1 1 -1 -1 0.0093466304 -0.3069375753
1 21 2 2 -1 -1 0.0176621955 -0.0494894236
0 10 9 0 -1 -1 0.0191321149 0.1507326961
2 19 1 0 -1 1 0.0219969284 0.0813675299
1 13 6 1 -1 -1 0.0142838527 0.1654117703
2 5 2 18 -1 1 0.0138733508 0.1495285928
0 28 2 0 -1 1 0.0127947321 -0.0167765673
0 7 1 26 -1 -1 0.0176278464 0.0305839013
2 21 1 0 -1 1 0.0148618650 0.0708149001
0 5 12 1 -1 1 0.0140333036 -0.0747805536
1 13 1 0 -1 -1 0.0173046514 -0.0533656962
2 7 1 0 -1 1 0.0116012720 -0.0317101181
1 7 1 0 -1 1 0.0077563156 -0.0051480136
2 2 1 3 -1 1 0.0088525759 0.0239623487
2 10 1 8 -1 1 0.0118855163 0.1912404001
1 24 3 0 -1 -1 0.0128785381 -0.0709016025
0 13 8 0 -1 -1 0.0165812727 0.1309623122
0 11 1 3 -1 -1 0.0150097162 -0.2723611295
2 6 6 5 -1 1 0.0142918788 -0.0473842621
1 23 1 0 -1 -1 0.0114302766 -0.0402154475
2 20 1 0 -1 1 0.0142764859 0.0801459849

#### New layer start
128 -0.0686476678
2 10 5 9 -1 1 0.0045485790 0.4062158465
1 16 1 1 -1 -1 0.0060606413 -0.1402608454
0 12 8 3 -1 1 0.0089425510 -0.0296407621
3 17 4 0 -1 1 0.0024734901 0.3849620819
3 14 4 0 -1 1 0.0067078047 0.3332465291
0 0 10 10 -1 -1 0.0042045037 -0.1304742098
2 14 2 2 -1 1 0.0064689862 0.6876894236
1 0 3 0 -1 1 0.0072172275 -0.0281433389
2 9 2 10 -1 -1 0.0057399222 -0.1383371353
1 2 8 0 -1 1 0.0046595405 0.0876907334
2 17 1 1 -1 -1 0.0103767840 -0.3624580503
2 2 4 25 -1 -1 0.0044537634 0.0383578241
2 18 1 0 -1 1 0.0161303189 0.0753702596
1 0 1 8 -1 1 0.0057404391 -0.1173540354
0 8 1 20 -1 -1 0.0100520691 0.0859240741
0 8 1 23 -1 1 0.0071346769 -0.0891973078
0 26 1 7 -1 -1 0.0049553267 -0.2611288130
0 12 7 0 -1 -1 0.0077181170 0.1005976796
2 12 2 13 -1 1 0.0078410925 0.7102311850
2 24 3 0 -1 -1 0.0084568756 -0.1149712652
3 7 6 5 -1 -1 0.0057189772 0.0651273280
3 6 4 5 -1 -1 0.0045299679 -0.0360844024
2 4 4 17 -1 1 0.0061574955 0.1222425029
2 10 4 7 -1 1 0.0131361252 0.4900331497
1 15 1 3 -1 -1 0.0109197143 -0.2278344780
1 10 6 1 -1 1 0.0103405537 -0.1059292406
0 28 3 1 -1 1 0.0106765954 -0.0199715104
3 19 1 1 -1 -1 0.0065257489 -0.0938005745
2 17 4 4 -1 -1 0.0059486628 0.1075290740
2 5 3 11 -1 -1 0.0066150422 -0.1133429408
0 0 1 4 -1 -1 0.0045739883 0.0062696543
2 10 2 13 -1 1 0.0092909709 0.6941332817
2 6 6 5 -1 -1 0.0072630653 0.1035297960
0 5 1 2 -1 -1 0.0046759411 0.0297508407
3 17 1 0 -1 -1 0.0079166982 -0.1262563169
2 7 1 23 -1 -1 0.0081826244 0.0919892788
3 26 1 0 -1 -1 0.0063820938 -0.0698399842
2 14 1 0 -1 1 0.0067220782 0.0808207095
2 12 3 7 -1 -1 0.0100332275 0.1492564976
1 4 7 3 -1 1 0.0100875264 0.1957206428
1 10 1 1 -1 1 0.0045855027 0.1565279961
0 7 1 9 -1 1 0.0102710752 -0.3379796147
2 29 1 3 -1 -1 0.0030726877 -0.0236165803
0 19 8 0 -1 -1 0.0085250698 0.3996270895
1 21 1 2 -1 -1 0.0093679363 -0.0987839177
1 25 1 2 -1 -1 0.0099690678 -0.0634361729
2 14 2 0 -1 -1 0.0157972630 -0.2622703910
3 3 5 3 -1 1 0.0077177528 0.0907358304
2 17 1 0 -1 1 0.0129279178 0.0538675264
2 5 4 15 -1 1 0.0083536431 0.1015058905
3 19 1 0 -1 -1 0.0064669210 -0.0495369583
0 7 11 0 -1 -1 0.0099497875 0.1078967750
1 15 1 0 -1 -1 0.0071034590 -0.0564743951
2 24 1 0 -1 1 0.0061010937 0.0755056292
2 5 6 6 -1 1 0.0092655756 -0.0523330420
0 20 3 0 -1 1 0.0123366062 0.1353935301
0 18 6 1 -1 -1 0.0090878485 0.2799491286
1 3 8 3 -1 1 0.0126198400 0.3447293043
3 10 5 5 -1 -1 0.0074424595 0.1074861139
3 3 5 5 -1 -1 0.0086641144 -0.0341927372
0 7 1 1 -1 1 0.0073450562 -0.0491300374
2 2 5 2 -1 -1 0.0081548523 -0.1135489643
2 10 1 0 -1 1 0.0056879329 -0.0307354927
2 16 1 0 -1 1 0.0082362834 0.0528206080
0 4 1 1 -1 -1 0.0056308946 -0.0183409788
2 6 1 27 -1 -1 0.0074588209 0.0637776405
2 9 5 5 -1 -1 0.0082012648 0.0780887157
2 2 8 3 -1 1 0.0058767940 -0.0315697119
1 21 2 3 -1 -1 0.0115446048 -0.1014885306
2 9 3 10 -1 -1 0.0112027926 -0.0464964174
2 7 4 16 -1 1 0.0062670228 0.1576707810
1 13 1 0 -1 1 0.0048728911 0.0264155995
0 8 1 9 -1 -1 0.0105560217 0.0893594548
0 19 1 8 -1 -1 0.0076979417 0.0700877234
0 0 2 30 -1 1 0.0077169058 -0.0507095456
0 5 1 28 -1 -1 0.0105111431 0.0305966437
2 33 1 0 -1 1 0.0035540883 -0.0103896800
0 0 9 14 -1 -1 0.0122441472 -0.4396964908
0 6 13 0 -1 1 0.0088684959 -0.0461324789
0 1 2 13 -1 1 0.0065719876 -0.2358148992
0 16 3 0 -1 -1 0.0108821625 -0.1416868120
2 3 1 4 -1 1 0.0051853554 0.0186223276
2 23 4 4 -1 1 0.0082917465 -0.2799370885
1 23 1 1 -1 -1 0.0127221933 -0.1857464910
0 18 2 8 -1 1 0.0078070043 -0.1281997859
0 22 3 2 -1 -1 0.0093775140 0.5481969118
0 17 3 0 -1 -1 0.0083092460 -0.1813344359
0 21 4 6 -1 -1 0.0124910744 -0.1530076861
0 6 1 20 -1 1 0.0143258460 -0.4887626767
0 12 8 1 -1 -1 0.0074507380 0.1527604163
2 11 4 4 -1 1 0.0089228125 -0.0269939061
1 3 6 7 -1 1 0.0068169772 0.1569422185
0 11 1 0 -1 1 0.0073061567 -0.0311690420
2 13 1 0 -1 1 0.0082392963 0.0801234543
1 21 1 0 -1 1 0.0054746792 0.0273705050
1 23 1 0 -1 1 0.0071657957 0.0722556934
0 14 2 1 -1 1 0.0065130652 0.2501389086
2 10 1 15 -1 -1 0.0077807880 0.2360381782
0 12 1 0 -1 1 0.0056113168 -0.0434057973
2 14 3 10 -1 1 0.0091622127 0.1979160309
3 21 3 1 -1 -1 0.0078747282 -0.3158201575
2 7 3 19 -1 1 0.0047824141 0.0062928027
1 18 1 6 -1 -1 0.0100751603 0.0398863629
3 7 4 0 -1 1 0.0088390727 0.1797313988
0 26 1 2 -1 1 0.0077999495 -0.0218417887
0 13 1 6 -1 -1 0.0066062831 0.1211616173
2 16 6 3 -1 -1 0.0083175376 0.0724818856
2 16 6 5 -1 1 0.0075475494 -0.0668920577
3 7 3 5 -1 -1 0.0092631746 -0.0241203737
3 18 1 0 -1 -1 0.0055937259 -0.1103113741
0 7 1 26 -1 -1 0.0087373154 -0.5085108280
0 24 1 8 -1 1 0.0069916160 0.2803384066
2 14 5 6 -1 -1 0.0092711793 0.1130791157
2 17 3 4 -1 -1 0.0077020796 0.1760908663
0 0 1 8 -1 -1 0.0080289338 -0.2233687937
2 5 2 0 -1 1 0.0077227540 -0.0680083632
1 0 1 2 -1 1 0.0048696101 0.0087609654
0 0 3 10 -1 1 0.0058570965 -0.3186544180
1 12 2 1 -1 -1 0.0090393983 -0.2120732665
1 20 1 0 -1 1 0.0047988566 0.0847965404
2 11 5 9 -1 1 0.0065667690 0.3829615712
0 3 1 3 -1 -1 0.0049009873 0.0070176302
1 7 1 0 -1 1 0.0035511274 -0.0040080324
2 19 2 1 -1 -1 0.0082739377 -0.3417361379
2 3 7 4 -1 -1 0.0071555693 0.1451566517
2 6 7 5 -1 1 0.0068077003 -0.0267366581
2 2 1 7 -1 -1 0.0064291158 -0.2371678203
1 25 1 0 -1 -1 0.0033546251 -0.0282371975

#### New layer start
128 -0.0661361963
2 10 5 9 -1 1 0.0052135005 0.4063611627
0 11 7 4 -1 1 0.0069518760 -0.0654563606
3 14 3 0 -1 -1 0.0025792469 -0.4617660642
1 14 1 2 -1 -1 0.0042330027 -0.3341192007
0 0 9 17 -1 -1 0.0117352959 0.0521980710
0 8 1 21 -1 1 0.0037291383 -0.1482407451
2 9 4 9 -1 1 0.0071873199 0.4655048251
1 1 3 0 -1 1 0.0076025566 -0.0291335993
0 19 1 3 -1 -1 0.0116510754 -0.2507758141
2 11 6 8 -1 1 0.0100446353 0.3986414373
3 20 3 1 -1 -1 0.0097615747 -0.3273942173
1 8 1 9 -1 1 0.0140337450 -0.1156633198
2 12 2 2 -1 1 0.0102484338 0.9185886979
0 1 2 5 -1 -1 0.0052523259 0.0153453685
3 6 7 2 -1 -1 0.0052137985 0.0534427688
2 4 7 5 -1 -1 0.0037057241 0.0655845106
1 9 1 0 -1 1 0.0064980560 -0.0050210087
3 17 1 0 -1 -1 0.0047089355 -0.1393836737
1 16 1 1 -1 1 0.0161538757 0.0627125800
2 17 2 5 -1 -1 0.0076129464 0.0796780884
2 7 6 5 -1 -1 0.0074827676 0.1007366776
0 32 1 1 -1 -1 0.0079855844 0.0302117541
0 6 1 21 -1 -1 0.0065977862 0.0046729995
0 5 2 25 -1 -1 0.0105859013 -0.5744755864
3 5 4 5 -1 -1 0.0110320039 -0.0164082088
3 11 7 0 -1 -1 0.0093754223 0.0256324410
2 5 4 15 -1 1 0.0083268164 0.1008552685
0 27 2 4 -1 1 0.0068861106 -0.0149094947
2 17 1 0 -1 -1 0.0084834304 -0.1857775003
0 0 1 0 -1 -1 0.0068219588 0.0081634009
0 0 1 16 -1 1 0.0057106535 -0.1468627453
2 6 2 10 -1 1 0.0078313984 0.1617157012
2 8 3 16 -1 1 0.0117339315 0.2184210122
3 17 5 0 -1 -1 0.0092885671 -0.1291403025
1 14 1 0 -1 -1 0.0116098486 -0.0569897853
2 5 1 26 -1 -1 0.0037477354 0.0302117560
0 10 1 18 -1 -1 0.0104526132 0.0910101086
3 3 1 7 -1 1 0.0084662996 0.1874305606
1 8 1 0 -1 1 0.0067961332 -0.0036364119
0 13 6 2 -1 1 0.0092979167 -0.0602130741
0 3 1 0 -1 -1 0.0046108365 -0.0180639233
2 18 1 0 -1 -1 0.0069364752 -0.1782077700
0 1 1 1 -1 -1 0.0049869074 0.0057473164
2 6 1 2 -1 1 0.0088062296 -0.0616975352
3 11 3 6 -1 1 0.0067721684 0.0282870382
0 23 2 3 -1 1 0.0098373806 0.2743189931
2 13 1 14 -1 -1 0.0069681918 0.0894688517
0 7 11 1 -1 -1 0.0139688468 0.1201136559
0 0 9 9 -1 1 0.0068399464 -0.3709095716
1 3 8 3 -1 1 0.0102620814 0.3364408910
0 13 9 3 -1 -1 0.0076020891 0.2717494965
2 20 1 0 -1 -1 0.0075004674 -0.2805216908
2 6 6 5 -1 1 0.0089007979 -0.0524768531
0 8 2 7 -1 1 0.0083961682 -0.3277274966
0 0 11 11 -1 -1 0.0157337561 -0.4299609959
1 26 1 0 -1 -1 0.0031449667 -0.0097312415
1 2 1 0 -1 1 0.0051746038 0.0089087300
2 13 1 1 -1 1 0.0112494547 0.1367543936
2 15 3 3 -1 1 0.0075039933 -0.3208177090
2 15 1 0 -1 1 0.0114369122 0.0534523837
2 21 1 0 -1 -1 0.0072408523 -0.1679752171
2 5 4 9 -1 -1 0.0101140542 -0.0616552532
0 5 13 0 -1 1 0.0053716316 -0.0457668006
0 5 7 6 -1 1 0.0096635288 -0.5385739803
0 0 2 11 -1 1 0.0102122808 -0.4556953907
2 9 4 11 -1 -1 0.0062856241 0.2595328987
3 12 1 1 -1 -1 0.0062254258 -0.0118055567
0 19 1 8 -1 1 0.0103253378 -0.1478325427
1 1 3 2 -1 -1 0.0064737066 -0.1436342895
2 19 1 0 -1 -1 0.0067271800 -0.2708748579
1 23 1 2 -1 -1 0.0086008869 -0.0726539567
2 15 1 9 -1 -1 0.0085506858 -0.0242045466
2 16 1 0 -1 1 0.0076201768 0.0841394067
1 5 2 6 -1 1 0.0114010628 0.1518605053
2 3 3 17 -1 1 0.0083049908 0.1450926065
2 27 2 2 -1 -1 0.0096178716 -0.1118932813
0 29 1 2 -1 1 0.0092928447 -0.0233625732
0 15 1 0 -1 -1 0.0077533792 0.0902516767
2 11 1 9 -1 1 0.0050776713 0.3214087486
0 29 1 0 -1 -1 0.0065002316 0.0306570008
0 7 2 21 -1 1 0.0066873608 -0.0534159541
0 3 6 14 -1 -1 0.0079150954 -0.3085648417
2 11 11 2 -1 -1 0.0077584041 0.1144594997
1 7 6 4 -1 1 0.0060841530 0.1353411973
1 24 1 0 -1 -1 0.0069696400 -0.0411035046
2 19 1 5 -1 -1 0.0080738617 0.1442370117
0 31 2 0 -1 1 0.0059009762 -0.0150187975
2 10 4 4 -1 -1 0.0063313236 0.1735931188
1 10 1 3 -1 1 0.0081576416 0.3827257156
3 13 1 8 -1 1 0.0062350761 0.0822143108
2 14 5 5 -1 -1 0.0097245676 0.1547898948
1 8 1 3 -1 -1 0.0118608288 -0.2149040699
2 14 2 6 -1 -1 0.0075619416 0.1351229548
3 18 3 1 -1 -1 0.0109802326 -0.2840088606
2 29 2 1 -1 -1 0.0060303961 0.0087002600
1 22 1 5 -1 -1 0.0083771218 -0.1159710139
0 17 6 0 -1 -1 0.0105488896 0.2511805594
2 9 3 13 -1 1 0.0102256937 0.6184348464
1 7 1 0 -1 1 0.0041464814 -0.0050933929
0 23 1 10 -1 -1 0.0095156487 0.6758660078
2 8 6 5 -1 -1 0.0070300079 0.1011534184
1 0 11 1 -1 1 0.0080943406 0.3754218221
1 5 1 0 -1 1 0.0051173349 -0.0047961907
1 6 1 0 -1 1 0.0039409050 -0.0040241610
3 13 7 0 -1 -1 0.0063232109 -0.0057270415
2 2 1 3 -1 1 0.0046725878 0.0175219309
3 4 1 0 -1 1 0.0034813234 -0.0030960049
3 16 1 0 -1 -1 0.0049306867 -0.1493021846
1 16 1 0 -1 1 0.0055639711 -0.0140232351
3 5 6 5 -1 1 0.0079896031 -0.1236335188
0 20 1 9 -1 -1 0.0064097862 0.0373251289
0 7 1 6 -1 -1 0.0087083476 -0.4792527556
0 16 8 3 -1 1 0.0089027146 0.1134848520
1 0 1 7 -1 1 0.0066845436 -0.0824871212
1 13 1 9 -1 -1 0.0078198360 -0.1378683597
0 0 1 1 -1 1 0.0042700022 -0.0064309346
0 19 7 0 -1 -1 0.0063584279 0.2468732595
2 6 5 0 -1 1 0.0085318070 -0.2885935605
2 9 1 5 -1 -1 0.0076914867 0.1132704467
2 13 2 2 -1 1 0.0091792848 0.8634848595
0 11 6 0 -1 -1 0.0060534338 0.1410910487
0 3 1 23 -1 1 0.0113041420 -0.5896694660
3 10 1 0 -1 -1 0.0086940546 -0.1495285928
3 3 1 3 -1 -1 0.0058061811 -0.1149866283
0 13 4 5 -1 -1 0.0070233769 0.1042811424
0 9 10 1 -1 1 0.0058943275 0.0138675217
3 18 1 0 -1 1 0.0060140062 0.0296234079
3 22 4 0 -1 1 0.0078027528 -0.0621601790

#### New layer start
128 -0.0609944053
2 9 7 7 -1 1 0.0030536731 0.2819298506
2 5 3 8 -1 1 0.0087102670 0.1511569321
1 19 1 3 -1 1 0.0091903908 0.4943413734
1 3 7 3 -1 1 0.0083732493 0.1834752858
1 16 3 1 -1 1 0.0073875352 0.3497338295
1 0 2 1 -1 1 0.0060210982 -0.0305192899
3 17 1 1 -1 -1 0.0067696865 -0.3203358948
2 5 7 4 -1 1 0.0063076476 -0.0183300152
0 9 1 18 -1 -1 0.0093621910 0.0689272061
0 8 1 22 -1 1 0.0099857654 -0.0868308619
0 26 1 7 -1 -1 0.0102107795 -0.2956944704
1 13 1 3 -1 -1 0.0072314586 -0.2848342657
0 5 1 1 -1 -1 0.0072203744 -0.0156494901
2 5 4 22 -1 -1 0.0071013365 0.0371574722
3 11 1 3 -1 -1 0.0109041426 -0.8001389503
0 9 1 0 -1 1 0.0100307232 -0.0311529506
3 2 1 7 -1 1 0.0050665983 0.1778312027
0 12 7 1 -1 -1 0.0096838819 0.1483927965
2 2 4 25 -1 1 0.0028285496 -0.0077041788
1 30 1 0 -1 1 0.0051865419 0.0126219662
0 7 1 21 -1 -1 0.0090028169 0.0321546718
2 11 5 9 -1 1 0.0063491473 0.4429009855
0 18 1 8 -1 1 0.0091857770 -0.1478566974
2 17 4 4 -1 -1 0.0085594375 0.0841092020
3 17 1 0 -1 1 0.0119608790 0.0433012843
3 11 1 0 -1 1 0.0054695974 0.1283558607
3 8 1 11 -1 1 0.0098890876 0.2044003904
2 4 4 16 -1 1 0.0099048233 0.0846527815
2 7 6 5 -1 1 0.0142584462 -0.0598373115
0 0 1 1 -1 -1 0.0053972076 0.0037244076
3 13 2 1 -1 -1 0.0156341493 -0.7766760588
0 11 1 8 -1 1 0.0070059686 -0.1218451709
2 14 6 5 -1 1 0.0082708662 -0.0107235666
2 16 6 5 -1 -1 0.0062977863 0.0868287161
2 3 7 6 -1 -1 0.0061134342 0.0394254886
0 3 1 1 -1 -1 0.0044724029 -0.0183409788
2 5 1 28 -1 -1 0.0082775950 0.0631723553
2 5 7 9 -1 -1 0.0085982643 0.0648212284
1 31 1 0 -1 1 0.0024717939 -0.0037383307
2 9 2 17 -1 1 0.0108722821 0.3114988804
2 25 1 1 -1 -1 0.0071036145 -0.2942810655
2 9 1 15 -1 -1 0.0087754792 0.3180313110
0 7 1 0 -1 -1 0.0059288898 0.0108499452
1 6 1 0 -1 1 0.0061982274 -0.0054200944
0 21 2 3 -1 1 0.0084843189 0.2885659933
2 14 1 0 -1 1 0.0100693628 0.0529375635
2 9 5 8 -1 -1 0.0133086862 0.0854211524
2 10 4 4 -1 -1 0.0089068180 0.1690588295
3 15 1 0 -1 1 0.0077882907 0.0236298814
3 5 1 0 -1 1 0.0055828365 -0.0061601903
2 11 3 10 -1 1 0.0088812523 0.2584183812
1 3 8 3 -1 1 0.0091738896 0.3354262412
0 14 6 6 -1 -1 0.0082831653 0.2273863703
2 7 3 16 -1 1 0.0060777455 0.1895370483
0 2 9 7 -1 1 0.0094359200 -0.4019406140
0 20 1 0 -1 1 0.0057385764 -0.0051547764
2 4 1 4 -1 1 0.0081963288 0.0183409788
2 6 2 1 -1 -1 0.0080341175 0.0144685991
2 3 2 16 -1 -1 0.0083140973 -0.1263299435
2 2 7 4 -1 -1 0.0087195188 0.1486136466
0 12 1 0 -1 1 0.0085131135 -0.0330305770
1 13 1 0 -1 1 0.0078422986 0.0230991542
2 18 1 0 -1 1 0.0108040059 -0.0101781823
2 17 2 1 -1 -1 0.0072428272 -0.3991900682
3 4 4 6 -1 -1 0.0083435560 -0.0502304882
0 14 1 0 -1 -1 0.0092430282 0.0708149001
3 12 1 0 -1 1 0.0065742782 0.1616025865
0 28 2 3 -1 1 0.0104543911 -0.0589256585
1 26 1 1 -1 -1 0.0048624915 -0.0098647662
2 14 8 5 -1 -1 0.0064477976 0.0608047135
0 12 1 6 -1 -1 0.0076304986 0.0782291740
2 2 10 6 -1 1 0.0050658663 0.1005875319
0 5 1 11 -1 1 0.0101465741 -0.2892063856
0 0 3 24 -1 -1 0.0083100526 -0.3083955646
1 11 7 0 -1 -1 0.0059628929 0.1524209827
2 7 11 3 -1 1 0.0095817586 0.0566600822
2 11 11 2 -1 -1 0.0061020092 0.1108424067
0 20 3 0 -1 1 0.0123611409 0.1348214447
2 13 3 6 -1 -1 0.0075155790 0.1562673748
2 9 5 6 -1 -1 0.0080218669 0.0896192566
2 4 3 16 -1 -1 0.0109347850 0.2992948890
2 4 3 17 -1 1 0.0087255482 0.2167475820
0 0 1 22 -1 1 0.0056462698 -0.4759330750
3 22 3 1 -1 -1 0.0090158433 -0.3143287301
0 23 2 7 -1 -1 0.0160666127 0.7114835382
0 22 3 6 -1 -1 0.0141267711 -0.0966568142
2 29 2 1 -1 -1 0.0066529140 -0.0102249905
2 7 11 5 -1 1 0.0082439864 0.0623961464
2 5 2 3 -1 -1 0.0068130097 -0.1846500337
2 6 6 5 -1 -1 0.0061607151 0.0814508051
0 16 1 2 -1 1 0.0111990059 0.1472151875
0 27 1 1 -1 -1 0.0036351439 0.0399004966
2 2 14 4 -1 1 0.0069583440 0.1403118074
3 6 5 5 -1 1 0.0076080733 -0.1189082861
1 13 1 1 -1 -1 0.0106831025 -0.1608069837
1 7 1 7 -1 1 0.0074591297 0.1765331626
1 22 1 0 -1 1 0.0051771388 0.0566838533
2 8 1 24 -1 1 0.0073219994 -0.0100251250
0 6 4 15 -1 -1 0.0109275905 -0.2870900631
0 8 1 17 -1 -1 0.0126130553 0.0955484807
0 8 11 1 -1 1 0.0059491987 0.0098237908
2 2 1 16 -1 -1 0.0076437769 -0.1710818708
1 23 3 0 -1 -1 0.0084996019 -0.0754761919
1 0 1 7 -1 1 0.0058200257 -0.1118034050
2 5 1 1 -1 1 0.0045860619 0.0147275729
2 8 2 23 -1 -1 0.0067775557 0.0162734035
2 26 1 3 -1 -1 0.0061377501 -0.4495513439
3 25 1 0 -1 1 0.0021125742 0.0100756306
2 5 6 17 -1 1 0.0063911816 -0.0112244738
2 16 3 5 -1 -1 0.0081444252 0.1061438620
2 4 9 5 -1 1 0.0055000181 0.0921115130
3 3 1 5 -1 1 0.0072915894 -0.0357032306
0 12 5 4 -1 -1 0.0059699719 0.0196805838
0 14 6 0 -1 1 0.0066194856 -0.0459259301
0 8 1 9 -1 1 0.0087372838 -0.3864591420
2 5 9 9 -1 -1 0.0060617425 0.2334511876
1 21 1 0 -1 1 0.0043784427 0.0654967129
3 10 2 4 -1 1 0.0055249655 -0.4296678901
0 18 2 9 -1 -1 0.0067404471 0.0922916755
0 5 7 5 -1 -1 0.0069604586 -0.2879652679
0 3 9 8 -1 1 0.0071176589 -0.1656944454
0 5 5 0 -1 -1 0.0065295598 -0.4256816506
3 2 8 1 -1 -1 0.0069697760 -0.0046412041
2 5 7 2 -1 -1 0.0069350335 0.1913364232
2 12 1 15 -1 1 0.0068801572 0.7859389186
0 14 8 5 -1 1 0.0079743275 0.0429811925
0 15 1 17 -1 -1 0.0056880503 0.2324116230
1 2 7 6 -1 1 0.0074448981 0.4169955254

#### New layer start
128 -0.0636836737
2 10 5 9 -1 1 0.0025292698 0.4108728766
0 0 3 3 -1 -1 0.0072903102 0.0235216022
2 9 8 4 -1 1 0.0013216427 0.1467526555
3 12 1 3 -1 -1 0.0091084223 -0.8296079040
1 4 1 14 -1 -1 0.0057891402 0.1793961525
0 9 1 20 -1 1 0.0037863280 -0.1240592971
0 4 3 24 -1 -1 0.0081329541 0.0442592651
1 11 1 3 -1 1 0.0071338261 0.5443667173
2 6 4 9 -1 -1 0.0093052974 -0.0801682770
0 10 9 1 -1 1 0.0097487168 -0.0745546818
2 15 10 0 -1 1 0.0084391730 0.0552666709
1 17 1 0 -1 1 0.0072267144 0.0099502765
0 17 1 2 -1 -1 0.0144037418 -0.2297216356
0 8 1 19 -1 -1 0.0107139936 0.0068039806
0 26 1 7 -1 -1 0.0091722896 -0.2949179411
2 6 1 2 -1 1 0.0055741589 -0.0609225854
3 17 1 1 -1 -1 0.0082134539 -0.2852170467
2 4 3 23 -1 -1 0.0058237165 0.0427564159
2 6 6 5 -1 1 0.0030257429 -0.0434983931
1 8 1 9 -1 1 0.0086522261 -0.0443461165
3 5 5 5 -1 -1 0.0083066672 -0.0312916711
0 5 4 22 -1 1 0.0070423684 -0.0525762960
3 22 1 4 -1 -1 0.0084014991 -0.5159365535
2 23 1 0 -1 1 0.0061427034 0.1361559182
1 0 1 2 -1 1 0.0066615483 0.0087609654
0 5 1 2 -1 -1 0.0052416283 -0.0183409788
3 15 1 3 -1 1 0.0152038494 0.5636809468
2 16 1 0 -1 1 0.0124670221 0.0341394730
0 14 1 6 -1 -1 0.0089739198 0.1213032156
2 15 3 5 -1 -1 0.0089722462 0.0869041979
0 33 1 0 -1 -1 0.0052685817 0.0101266466
2 4 2 1 -1 1 0.0096111782 -0.0450694486
2 4 3 5 -1 -1 0.0059239981 -0.2946578264
0 11 1 0 -1 1 0.0073030544 -0.0298189893
3 5 3 7 -1 -1 0.0085333530 -0.1027882993
0 13 8 3 -1 -1 0.0093715694 0.2480966300
0 22 2 2 -1 1 0.0100473240 0.2012539208
2 12 1 15 -1 1 0.0107800104 0.7968438864
2 18 5 3 -1 -1 0.0088713458 0.1480735838
0 3 1 5 -1 -1 0.0063314917 0.0070176302
0 15 1 0 -1 -1 0.0085990159 0.0686648712
2 15 1 0 -1 1 0.0086782603 0.0842739344
2 13 1 0 -1 1 0.0095662717 0.1267136037
3 11 1 0 -1 -1 0.0036907122 -0.0741712451
2 33 1 0 -1 1 0.0063145105 -0.0092379246
0 29 1 3 -1 1 0.0104813362 -0.0077822190
1 25 1 3 -1 -1 0.0095549636 -0.0989650339
2 23 4 0 -1 -1 0.0105219670 -0.1088799313
3 17 1 0 -1 1 0.0079100672 0.0291937254
2 11 4 7 -1 -1 0.0103185857 0.1170760542
3 8 8 0 -1 -1 0.0087584937 0.0654586852
3 10 3 7 -1 1 0.0064987652 0.0356018543
2 2 3 5 -1 -1 0.0055246628 -0.2949357629
2 3 6 5 -1 -1 0.0073034191 0.1726780981
1 24 1 0 -1 -1 0.0081406161 -0.0396329388
3 7 6 5 -1 -1 0.0089402078 0.1023680121
1 7 1 0 -1 1 0.0057773390 -0.0043763886
1 6 1 0 -1 1 0.0027066905 -0.0049875621
1 0 1 8 -1 1 0.0050426689 -0.0900819600
1 7 6 4 -1 1 0.0085836649 0.1419342458
3 10 3 8 -1 1 0.0063781980 0.0577168651
2 13 1 15 -1 -1 0.0079368334 0.1790259182
3 16 1 0 -1 1 0.0078472160 0.0287428163
3 16 2 2 -1 1 0.0066252346 0.3682821989
2 9 1 15 -1 -1 0.0092187673 0.3017370701
0 7 2 19 -1 -1 0.0205279738 0.1723874509
1 12 1 6 -1 1 0.0113661317 0.0125631317
0 12 1 7 -1 1 0.0064941035 -0.0665436685
0 23 2 3 -1 1 0.0074836272 0.2293750346
1 23 1 0 -1 -1 0.0105018625 -0.0626120120
0 0 10 12 -1 -1 0.0103903785 -0.4374234378
0 0 8 10 -1 1 0.0089475820 -0.3989677429
2 3 4 16 -1 1 0.0092893783 0.0782340765
3 5 2 5 -1 1 0.0047136759 0.1780562550
2 29 3 0 -1 -1 0.0058987173 -0.0058406438
2 25 2 3 -1 -1 0.0060311509 -0.4390462637
2 7 4 16 -1 1 0.0082364408 0.1607711613
2 16 1 17 -1 -1 0.0074444874 0.0307429768
1 8 1 0 -1 1 0.0070628328 -0.0159332678
2 16 1 5 -1 1 0.0075099729 -0.3186795712
1 4 8 3 -1 1 0.0081322100 0.3553561568
2 6 1 0 -1 1 0.0045394949 0.0196650326
1 0 1 15 -1 -1 0.0069896779 0.1776739359
0 19 6 0 -1 -1 0.0100226002 0.2532900572
3 19 4 2 -1 -1 0.0081028435 -0.2805246115
0 6 11 3 -1 1 0.0103018014 -0.0342837349
0 3 8 5 -1 1 0.0088774757 -0.5233854055
0 6 2 23 -1 -1 0.0143437507 -0.5619355440
0 15 8 3 -1 1 0.0083659310 0.0769716427
2 11 1 9 -1 1 0.0086627146 0.3156725168
2 8 5 6 -1 -1 0.0073556369 0.0359262452
2 6 10 8 -1 1 0.0057277838 0.1656527966
3 6 6 4 -1 1 0.0089561045 -0.1141378209
3 13 3 5 -1 1 0.0077161831 0.0044050300
1 5 7 2 -1 1 0.0122037930 0.1740517318
0 28 1 0 -1 -1 0.0068623805 0.0302904043
3 30 1 0 -1 1 0.0034589623 0.0106663713
1 16 1 0 -1 -1 0.0064296434 -0.0551122576
2 6 6 6 -1 1 0.0067186682 -0.0528192371
2 6 1 27 -1 -1 0.0056768670 0.0300817005
0 4 1 11 -1 1 0.0100835431 -0.4147997499
1 1 2 11 -1 1 0.0083070546 0.5554111004
3 6 1 7 -1 -1 0.0073824916 0.0181824863
2 7 6 9 -1 -1 0.0057151644 0.0966925770
2 19 1 0 -1 -1 0.0056929770 -0.1754970849
0 4 9 8 -1 -1 0.0086166812 -0.2337705791
2 8 3 11 -1 1 0.0103968866 0.1448117793
2 23 4 4 -1 1 0.0058222893 -0.2880972326
2 6 1 20 -1 1 0.0074560102 0.0183409788
3 12 6 1 -1 -1 0.0076249763 0.0019359452
3 11 5 4 -1 -1 0.0097900042 0.1356612146
0 16 4 6 -1 -1 0.0068255858 0.0649803132
0 19 2 2 -1 -1 0.0103588700 -0.1959242523
2 5 3 16 -1 1 0.0070640519 0.1742616594
0 0 3 10 -1 1 0.0073810061 -0.3319485784
0 9 1 4 -1 -1 0.0068726847 -0.3576388955
0 27 1 1 -1 1 0.0051190197 -0.0143371020
0 7 1 10 -1 1 0.0093186814 -0.3119462132
2 4 9 6 -1 1 0.0067535322 0.1154852808
2 6 3 16 -1 -1 0.0061442330 0.2748143077
2 9 2 13 -1 -1 0.0060875928 0.3012434244
3 31 1 0 -1 -1 0.0026100297 0.0038660050
2 15 1 7 -1 -1 0.0058465283 -0.1365151703
2 16 2 4 -1 1 0.0069872919 -0.4962037206
2 14 3 3 -1 1 0.0067399219 -0.3927199244
1 0 1 1 -1 1 0.0047961874 -0.0340611637
3 2 8 1 -1 -1 0.0065495921 -0.0111454260
2 2 6 2 -1 -1 0.0105489669 -0.3305439353

#### New layer start
255 -0.015
2 10 5 9 -1 1 0.0022079216 0.4435133338
0 13 5 6 -1 1 0.0052340492 0.0616025701
3 16 3 0 -1 1 0.0054665874 0.3698495626
2 2 3 12 -1 1 0.0051997812 0.1935995966
0 3 3 0 -1 -1 0.0031513381 0.0131451618
2 5 2 26 -1 -1 0.0015678508 0.0337461680
3 15 3 0 -1 -1 0.0036712603 -0.4639600813
2 4 6 8 -1 -1 0.0039926977 0.0062809810
0 7 1 19 -1 -1 0.0048034345 0.0080005117
2 16 1 1 -1 -1 0.0055588349 -0.3775866926
0 8 2 22 -1 1 0.0066059777 -0.0725095421
2 25 3 2 -1 -1 0.0046171360 -0.3478838503
1 6 1 3 -1 -1 0.0044440706 -0.2473261207
2 7 6 5 -1 1 0.0033136716 -0.0310784318
2 4 4 16 -1 1 0.0055131800 0.0814325660
0 22 3 7 -1 -1 0.0067868838 -0.1561689377
0 8 11 2 -1 -1 0.0070192209 0.1200757772
0 10 7 1 -1 1 0.0015689895 -0.0380357206
1 3 6 6 -1 1 0.0057370560 0.1845149696
2 3 1 4 -1 1 0.0024830396 0.0133556295
0 2 1 15 -1 1 0.0039342334 -0.0933956355
0 4 2 27 -1 -1 0.0054263179 0.0154655613
2 13 1 3 -1 1 0.0065494026 1.1335456371
2 4 7 5 -1 -1 0.0031838075 0.0647444129
3 3 5 5 -1 -1 0.0045935083 -0.0365134776
0 29 1 2 -1 -1 0.0029467549 0.0322004631
0 30 2 0 -1 1 0.0013458073 -0.0152513161
0 13 1 1 -1 -1 0.0056954916 0.1883386970
2 2 8 4 -1 1 0.0036134024 -0.0264297388
0 11 1 0 -1 1 0.0034107626 -0.0457434021
1 8 1 9 -1 1 0.0048185466 -0.1025320590
0 4 1 1 -1 -1 0.0043398892 -0.0265193693
1 4 1 6 -1 -1 0.0079170372 0.0229155719
2 13 1 0 -1 1 0.0053195152 0.0721835569
2 10 2 8 -1 1 0.0035768610 0.1263588667
2 4 3 13 -1 -1 0.0022824882 -0.1597698033
0 2 1 1 -1 -1 0.0017715918 0.0059702024
2 10 5 4 -1 1 0.0031742812 -0.0046311375
2 8 5 5 -1 -1 0.0031567644 0.1030151546
3 24 1 1 -1 -1 0.0040284968 -0.0953007638
2 8 1 12 -1 1 0.0041691852 -0.0289371982
3 17 1 0 -1 -1 0.0030467964 -0.1087967753
2 3 2 6 -1 -1 0.0019921521 -0.3595120609
1 16 1 0 -1 1 0.0035330772 -0.0144685991
2 17 5 6 -1 1 0.0047228276 -0.1546194851
2 23 4 0 -1 -1 0.0043286248 -0.0904513896
2 8 6 6 -1 -1 0.0034471205 0.0738170668
2 2 1 3 -1 1 0.0054233745 0.0189381167
0 20 5 0 -1 -1 0.0058626458 0.3945016563
1 23 2 2 -1 -1 0.0035858569 -0.1459255219
3 3 1 1 -1 1 0.0018989438 -0.0054844790
0 6 2 1 -1 -1 0.0043152561 0.0292892177
1 5 1 12 -1 1 0.0041829511 0.4643650651
1 11 4 6 -1 -1 0.0060732109 0.3999289870
2 22 1 0 -1 1 0.0043724403 0.0518999510
1 13 1 0 -1 1 0.0050884876 0.0415650420
0 1 3 9 -1 1 0.0045341295 -0.4246943593
1 4 1 8 -1 1 0.0074923295 0.1608333439
0 12 1 0 -1 1 0.0068123029 -0.1183064580
2 17 5 3 -1 -1 0.0043778345 0.0799305588
0 12 6 0 -1 -1 0.0057576117 0.1452388614
3 22 4 0 -1 -1 0.0049578901 -0.3087943196
3 27 2 1 -1 -1 0.0021153935 0.1178366169
3 11 3 7 -1 1 0.0031814545 0.0269213002
1 18 1 1 -1 1 0.0038035905 0.1260858774
2 4 11 4 -1 1 0.0056877886 0.1107672006
2 6 5 4 -1 1 0.0035726065 0.1094868481
0 7 1 1 -1 1 0.0050562695 -0.0498868749
2 7 1 12 -1 -1 0.0057336907 -0.1170472205
3 30 1 0 -1 1 0.0024413082 0.0094570713
2 12 1 16 -1 -1 0.0019901746 0.1302174032
2 5 1 26 -1 -1 0.0034122067 0.0679680705
0 0 10 13 -1 -1 0.0066547142 -0.4439512491
0 15 9 2 -1 1 0.0044321739 0.0519436821
0 2 9 7 -1 1 0.0015970453 -0.4398128092
2 4 12 6 -1 -1 0.0025884826 0.1108642668
3 16 1 0 -1 -1 0.0035674500 -0.1265958548
2 14 1 0 -1 1 0.0070086620 0.0733898282
3 14 2 0 -1 1 0.0043563223 -0.3293700516
0 21 2 3 -1 1 0.0060133082 0.3116304576
0 13 3 9 -1 -1 0.0024381015 0.2540211678
1 6 1 8 -1 1 0.0050293701 0.1490316242
2 18 3 9 -1 1 0.0070437165 0.0933084637
0 0 1 12 -1 1 0.0030028343 -0.5323050618
2 11 4 10 -1 1 0.0041030953 0.4030231237
0 23 1 8 -1 -1 0.0044915313 0.5739268661
3 15 1 0 -1 1 0.0035666076 0.0007645260
3 14 2 7 -1 1 0.0044759712 0.1946180761
0 19 2 7 -1 1 0.0059409030 -0.0830777138
0 5 6 7 -1 -1 0.0050046947 -0.3703241050
2 11 7 6 -1 -1 0.0024285216 0.1461162865
2 18 1 0 -1 1 0.0099437861 0.0955357179
0 20 1 6 -1 -1 0.0026409398 0.0885895118
0 13 2 13 -1 1 0.0058392710 0.4783973694
2 7 1 23 -1 1 0.0023734362 -0.0159787238
3 2 1 0 -1 1 0.0034586564 -0.0036429993
2 10 1 15 -1 -1 0.0045092399 0.2360679954
0 9 3 8 -1 1 0.0029380273 -0.4975102544
0 12 5 4 -1 -1 0.0082086511 0.0671403855
1 0 1 0 -1 1 0.0027124591 -0.0025167856
2 4 8 5 -1 1 0.0033034529 0.0442419499
2 13 2 2 -1 1 0.0059824279 0.3872731030
3 13 3 5 -1 1 0.0053773988 -0.0305823609
3 13 6 1 -1 -1 0.0038552408 0.0641779304
2 2 4 9 -1 1 0.0036663106 0.0653807372
2 27 2 0 -1 -1 0.0053935423 -0.0703504235
2 21 2 3 -1 1 0.0036228374 0.4132993221
2 16 1 5 -1 1 0.0064741159 -0.3211908638
0 2 4 18 -1 1 0.0055010440 -0.5493441820
1 1 2 11 -1 1 0.0062217140 0.5727118850
2 15 2 6 -1 -1 0.0043581999 0.0020768833
3 21 1 2 -1 -1 0.0046804440 -0.5565276742
2 6 4 14 -1 -1 0.0043258634 0.2748697996
0 6 1 1 -1 -1 0.0023837998 -0.0154242665
0 2 8 17 -1 -1 0.0042717680 -0.1343604028
2 8 1 0 -1 -1 0.0029275608 -0.0032626514
0 6 6 0 -1 1 0.0050476538 -0.4213585258
0 16 2 9 -1 -1 0.0063287970 0.1884930581
0 0 1 11 -1 1 0.0051538325 -0.0262134522
0 0 3 4 -1 -1 0.0042495914 0.0173993558
0 7 4 1 -1 -1 0.0031292897 -0.4361467659
0 11 9 1 -1 1 0.0042896983 0.0483212620
0 32 1 1 -1 1 0.0044957651 -0.0308485329
1 6 1 0 -1 1 0.0009416976 -0.0043763886
1 7 1 0 -1 1 0.0022884719 -0.0043763886
2 24 1 9 -1 -1 0.0030244926 -0.0540277846
0 2 2 25 -1 1 0.0031273607 -0.0604281202
2 11 9 6 -1 1 0.0063048210 0.1235956848
2 2 1 6 -1 -1 0.0054621389 -0.0196399875
2 11 2 20 -1 -1 0.0045115468 0.4236237407
0 0 7 7 -1 -1 0.0063363477 -0.3792980313
2 26 1 0 -1 -1 0.0039918935 -0.1429563463
1 29 1 0 -1 -1 0.0036374272 -0.0078843767
3 29 1 0 -1 1 0.0013186006 0.0156556368
0 5 6 11 -1 -1 0.0042594732 -0.4171065390
2 13 5 9 -1 -1 0.0019252583 -0.0592214689
3 2 1 1 -1 1 0.0051428219 -0.0527046807
0 1 1 21 -1 1 0.0039284285 -0.4693590999
1 0 1 1 -1 1 0.0036331832 0.0120906830
1 7 2 3 -1 1 0.0059196772 0.5159493685
0 12 3 1 -1 -1 0.0073091281 0.4686745405
0 8 9 0 -1 1 0.0042613107 -0.0227235164
0 10 1 7 -1 -1 0.0057504508 0.0673634484
2 20 3 8 -1 1 0.0039603151 0.0881353840
2 15 2 13 -1 -1 0.0032174105 -0.3779132962
3 25 2 1 -1 -1 0.0038232449 0.1345535815
1 5 1 10 -1 -1 0.0049779676 0.0774097890
2 7 8 11 -1 -1 0.0058177095 0.2858477235
2 12 4 5 -1 -1 0.0034518796 0.1147487834
3 20 1 6 -1 -1 0.0007184690 -0.3554111719
2 14 5 7 -1 1 0.0052391030 -0.1239722371
0 8 1 1 -1 1 0.0046803164 -0.0837227404
3 27 1 1 -1 1 0.0013706952 0.0476948768
2 7 8 1 -1 1 0.0050962949 0.0756276250
2 3 3 18 -1 1 0.0046608387 0.2108588517
2 11 1 16 -1 1 0.0030802295 0.5005556345
0 12 4 5 -1 -1 0.0047621573 -0.1770156920
0 0 4 12 -1 1 0.0044448976 -0.3457097113
0 2 6 1 -1 -1 0.0028748049 -0.3590174019
0 20 4 2 -1 -1 0.0047327196 0.2860468626
0 6 6 13 -1 1 0.0051539168 -0.0427753180
2 21 2 7 -1 1 0.0033666396 0.3540906310
0 33 1 0 -1 -1 0.0023233797 0.0219612345
0 12 3 4 -1 -1 0.0022886847 0.1243981570
2 10 1 18 -1 1 0.0030687789 0.1460264027
2 9 1 19 -1 -1 0.0013785536 0.0789181292
2 6 1 20 -1 1 0.0032091530 0.0626785755
3 11 1 6 -1 -1 0.0022337963 -0.1427480280
2 6 9 11 -1 -1 0.0025474501 0.1827246696
1 1 1 0 -1 1 0.0027421922 -0.0150737427
1 23 1 0 -1 -1 0.0019101609 -0.0126156528
3 23 1 0 -1 1 0.0018013566 -0.0589583367
0 1 9 8 -1 1 0.0053454982 -0.3856966496
2 2 14 4 -1 1 0.0052465522 0.1395531595
2 13 1 7 -1 -1 0.0038023929 0.1847980917
0 3 9 8 -1 -1 0.0052298186 -0.2762743235
3 5 2 11 -1 1 0.0052254465 -0.2494769841
2 8 2 9 -1 1 0.0028607142 0.0834722295
2 6 7 1 -1 -1 0.0041326089 0.2142063677
3 21 3 0 -1 1 0.0047375364 -0.0717515945
3 17 2 6 -1 -1 0.0040637883 -0.0766907334
2 9 1 15 -1 -1 0.0029806155 0.3020483851
2 23 1 0 -1 1 0.0034565069 0.1139064804
1 31 1 0 -1 1 0.0029169195 -0.0164654441
3 3 9 0 -1 -1 0.0062901238 -0.0045453855
2 6 8 11 -1 1 0.0063913842 0.2450570166
0 11 3 18 -1 -1 0.0033173361 0.2821075320
1 3 9 1 -1 1 0.0035502142 0.1986960173
2 14 1 17 -1 -1 0.0032595915 0.3175536990
3 4 1 1 -1 1 0.0025559736 0.0189993754
2 18 1 11 -1 -1 0.0036280779 -0.1925233006
2 10 7 4 -1 1 0.0037607769 0.2277885377
0 7 3 7 -1 1 0.0052227499 -0.4393020868
3 4 3 8 -1 -1 0.0027638169 -0.1128125116
0 17 3 6 -1 -1 0.0056344829 0.2367771417
2 26 1 2 -1 -1 0.0035831637 -0.0561454445
2 4 11 1 -1 -1 0.0045773503 0.1559652984
3 3 3 4 -1 1 0.0040802592 0.1986206472
3 3 10 1 -1 -1 0.0032482024 -0.0573472306
1 10 3 4 -1 1 0.0049707037 0.0755929053
0 0 2 0 -1 -1 0.0032173537 0.0218184702
2 16 2 4 -1 1 0.0029470860 -0.4275839031
0 2 8 2 -1 1 0.0031677182 -0.3764308691
0 0 2 6 -1 1 0.0041524447 -0.0162780434
2 3 1 0 -1 -1 0.0025958698 -0.0013812155
2 2 4 11 -1 -1 0.0042534652 -0.0915821046
0 13 5 3 -1 1 0.0051132403 -0.0318360701
1 1 7 2 -1 1 0.0036233512 0.2265057266
0 8 12 3 -1 -1 0.0037260905 -0.0776241273
0 3 1 0 -1 -1 0.0025988098 -0.0038684863
2 7 4 3 -1 1 0.0055189938 0.2896581292
2 4 2 0 -1 -1 0.0024625270 0.0033003660
3 5 2 5 -1 1 0.0021013690 0.1288383901
2 8 1 10 -1 1 0.0034538647 0.0175219309
0 13 5 7 -1 -1 0.0041721817 0.2153589875
3 3 10 0 -1 1 0.0029453228 0.0473815501
2 3 6 4 -1 -1 0.0047688563 0.1822569519
2 17 2 1 -1 -1 0.0024967727 -0.4604241848
1 13 1 5 -1 1 0.0048674159 0.0793922544
2 12 1 10 -1 -1 0.0040233769 -0.0946674794
0 10 2 13 -1 -1 0.0029032789 -0.2042846084
2 8 6 11 -1 -1 0.0043449248 0.3446785808
1 3 1 13 -1 -1 0.0033987896 0.0077524036
1 4 1 0 -1 1 0.0019389333 0.0009363655
0 3 2 0 -1 1 0.0029242535 -0.0164654441
0 2 7 10 -1 1 0.0030087517 -0.4853590131
2 3 10 5 -1 1 0.0027126595 0.0793405920
3 6 5 5 -1 -1 0.0039138179 0.0812863782
0 5 2 16 -1 1 0.0029723120 -0.4549193382
3 8 2 7 -1 1 0.0029044973 -0.0300918855
0 14 2 2 -1 1 0.0024567295 0.2472375035
0 19 1 10 -1 1 0.0035792973 -0.0643681586
0 0 1 28 -1 -1 0.0033066652 -0.1730662584
2 16 7 4 -1 1 0.0022745100 0.0866747424
0 12 4 10 -1 -1 0.0019812444 0.3260978460
0 9 1 17 -1 1 0.0023497061 -0.1211597025
2 11 7 5 -1 -1 0.0020464566 0.2124218047
0 2 1 4 -1 -1 0.0021822397 -0.0196650326
3 12 2 8 -1 1 0.0020553691 -0.0511929579
3 5 6 0 -1 1 0.0034016054 0.0578523017
2 15 6 3 -1 -1 0.0023683801 0.0952579454
3 13 2 1 -1 1 0.0028735602 -0.1739609241
2 15 5 7 -1 1 0.0026089873 -0.1674376428
0 2 12 1 -1 1 0.0028786585 -0.2668016255
3 24 2 0 -1 1 0.0024322728 0.0219138172
1 0 1 16 -1 -1 0.0023004832 0.1854502857
1 8 1 0 -1 1 0.0015059499 -0.0197295323
2 31 2 0 -1 -1 0.0013008491 -0.0100505054
0 21 3 1 -1 1 0.0030336331 0.1759124398
2 6 1 21 -1 1 0.0020316266 -0.0096620619
2 13 4 6 -1 1 0.0021511470 -0.0430633612
0 13 4 11 -1 -1 0.0024371338 0.1222524196
0 30 1 1 -1 1 0.0020250990 -0.0066007320
2 2 14 5 -1 -1 0.0021726401 0.1341507733
1 13 2 8 -1 1 0.0017714954 0.1053785980
