## 2blink-300-900ms

14 48 60.00

#### New layer start
4 -0.1900355220
0 6 7 3 -1 -1 0.3753063679 -0.1386346668
2 26 4 2 -1 1 0.2887897491 0.0855705738
0 19 3 0 -1 1 0.1900355071 0.0944763720
2 28 3 5 -1 1 0.1458622217 0.0951653421

#### New layer start
8 -0.2743339837
3 16 4 1 -1 -1 0.1345096827 -0.2326215506
0 5 8 13 -1 -1 0.0876740813 -0.2160365283
2 13 2 9 -1 1 0.1048903987 0.1318118721
0 28 3 2 -1 1 0.1091066822 0.1877856255
1 22 1 3 -1 -1 0.1447485685 -0.2542262077
1 0 12 1 -1 1 0.1463005841 0.0138078723
2 20 4 0 -1 -1 0.1431333572 -0.1900874078
0 12 13 1 -1 -1 0.1296320409 0.1244245544

#### New layer start
16 -0.2971440256
3 21 5 0 -1 1 0.0576622672 0.1610023975
0 7 6 4 -1 -1 0.0091950921 -0.2696909904
3 27 1 1 -1 -1 0.0683253184 -0.0857675895
0 29 3 4 -1 1 0.0687824562 0.2048686445
1 23 1 2 -1 -1 0.0771212131 -0.1956038773
1 0 13 0 -1 1 0.1249266267 -0.0295259859
1 19 2 1 -1 -1 0.0769530758 -0.1511152685
0 8 13 5 -1 -1 0.1003376916 0.0361208245
2 21 1 1 -1 1 0.0393089727 0.2001388967
2 11 7 16 -1 1 0.0623571612 0.2424890995
1 28 3 0 -1 -1 0.0657785013 -0.0735463202
2 2 5 13 -1 1 0.0552435219 0.0709539577
0 4 2 39 -1 -1 0.0576087907 0.0728990138
1 8 2 4 -1 -1 0.0504478104 -0.0990179330
2 14 1 10 -1 1 0.0459224693 0.1781499982
3 25 2 0 -1 -1 0.0400270559 -0.0605512187

#### New layer start
32 -0.1442448497
3 22 4 0 -1 1 0.0196056254 0.2166282684
0 6 9 0 -1 -1 0.0107959760 -0.2154333293
3 24 4 1 -1 1 0.0321915336 0.2363238037
0 13 10 6 -1 1 0.0408664756 -0.1840380877
0 23 1 3 -1 -1 0.0370790735 -0.2262965739
0 14 11 0 -1 -1 0.0386915207 0.1173818856
1 11 1 4 -1 -1 0.0355847888 -0.1453694403
1 12 1 4 -1 1 0.0248422343 0.3077935278
1 22 3 0 -1 -1 0.0332125500 -0.1187542230
2 7 16 4 -1 1 0.0407032035 -0.0012987100
2 12 2 7 -1 1 0.0247546509 0.2744004726
1 26 3 4 -1 -1 0.0330345891 -0.0524440818
0 0 1 43 -1 -1 0.0345354415 0.1078104675
0 33 3 2 -1 1 0.0370580256 0.2159476727
0 18 2 3 -1 1 0.0323143750 0.1344737560
1 16 1 2 -1 -1 0.0403778665 -0.0882843137
0 42 3 0 -1 1 0.0278195031 -0.0225130208
1 7 1 5 -1 -1 0.0290353876 -0.0841625482
0 28 3 2 -1 1 0.0402004197 0.1216799021
2 13 2 9 -1 1 0.0212321263 0.1337354779
3 26 2 0 -1 -1 0.0365169942 -0.0527650341
3 25 1 1 -1 -1 0.0296458397 -0.0576656014
2 26 1 0 -1 -1 0.0201678202 -0.1429563463
3 13 6 6 -1 1 0.0282835402 -0.0536315143
3 9 7 5 -1 -1 0.0357996374 0.0396703705
1 28 1 2 -1 -1 0.0329577774 -0.0841625482
1 31 1 7 -1 -1 0.0256631039 -0.0570322610
0 9 7 14 -1 -1 0.0488085933 0.0130014447
1 18 1 2 -1 -1 0.0346187167 -0.1282386929
0 21 1 2 -1 1 0.0247304086 0.1429563463
0 0 4 4 -1 -1 0.0161734931 0.0229474809
1 21 1 1 -1 1 0.0326978229 0.0715870559

#### New layer start
64 -0.1179178953
1 20 2 2 -1 -1 0.0054969657 -0.2668834627
2 13 7 12 -1 1 0.0014408866 0.2336655259
1 1 12 1 -1 1 0.0172366332 0.0358128920
3 21 3 1 -1 1 0.0186107215 0.2851982713
3 24 4 0 -1 1 0.0173332822 0.2649057508
0 10 16 0 -1 -1 0.0193778984 0.0882150531
2 18 5 7 -1 1 0.0078069340 0.2945027649
2 10 8 16 -1 1 0.0197452977 0.2511135936
0 4 13 7 -1 1 0.0133136967 -0.4436292052
1 8 2 4 -1 -1 0.0214074496 -0.0616200380
1 24 4 0 -1 1 0.0101541327 0.1577823311
0 18 1 4 -1 1 0.0103188641 0.2542385161
0 8 2 36 -1 -1 0.0218966622 0.0960769206
3 23 1 1 -1 -1 0.0105752815 -0.1311987638
0 25 11 1 -1 1 0.0139935063 0.0973121896
0 43 1 3 -1 1 0.0211107358 -0.0305616222
3 25 1 2 -1 -1 0.0193024930 -0.0932073966
2 12 3 15 -1 1 0.0121493833 0.1251461506
0 0 4 3 -1 -1 0.0116576524 0.0227178037
3 3 3 7 -1 1 0.0115532000 0.0731985420
3 28 6 0 -1 -1 0.0163044315 -0.1884843111
2 14 7 5 -1 1 0.0187212862 -0.0241129436
1 18 2 1 -1 -1 0.0159736555 -0.1470363736
3 7 6 8 -1 -1 0.0163710751 -0.0046744118
2 21 1 1 -1 1 0.0168974902 0.1196297258
2 11 7 5 -1 -1 0.0173803847 0.0946984664
2 2 3 2 -1 1 0.0118335625 -0.0214888845
1 17 1 2 -1 -1 0.0209841095 -0.0882793218
0 7 1 1 -1 -1 0.0116469022 0.0095923813
0 40 1 2 -1 1 0.0125678452 -0.0086021908
0 32 4 8 -1 -1 0.0197097920 -0.1514456570
0 25 3 1 -1 -1 0.0200042184 -0.1630199552
2 26 1 12 -1 1 0.0187489614 0.1649742126
0 17 8 1 -1 1 0.0159592219 -0.1142766923
2 30 8 1 -1 -1 0.0146205481 -0.0261593983
2 11 7 16 -1 1 0.0171014927 0.1967336833
3 25 1 1 -1 -1 0.0190597679 -0.1267364323
2 27 2 0 -1 1 0.0155798830 0.1153312027
1 9 2 13 -1 1 0.0200570822 -0.2113965750
2 20 1 0 -1 1 0.0117803542 0.0834534168
0 16 13 0 -1 -1 0.0191034377 0.1340550482
2 13 2 10 -1 1 0.0154549172 0.1489125341
0 12 1 0 -1 1 0.0143627552 -0.0317180827
0 31 3 1 -1 1 0.0169231147 0.1694240421
3 23 1 0 -1 -1 0.0144665297 -0.0700785741
3 25 1 0 -1 -1 0.0144491140 -0.0395758413
1 5 1 5 -1 -1 0.0130092930 -0.1099095941
0 9 1 1 -1 -1 0.0122891562 0.0099420119
0 8 1 15 -1 1 0.0160882026 -0.1738359630
3 19 8 0 -1 -1 0.0164692011 0.0116790328
2 22 6 4 -1 -1 0.0163245182 0.0680413842
2 7 9 19 -1 1 0.0277923625 0.2050670683
2 7 1 3 -1 1 0.0089718429 -0.0078432579
3 45 1 0 -1 -1 0.0095195202 0.0174912587
2 10 7 7 -1 1 0.0181765128 -0.0567418188
3 9 3 8 -1 -1 0.0158045106 -0.0737776160
0 30 1 4 -1 1 0.0185632166 0.1724568903
2 37 2 7 -1 -1 0.0113760065 0.0036298716
1 27 1 3 -1 -1 0.0184638835 -0.1365957558
0 11 6 13 -1 -1 0.0333297402 0.1261112988
3 24 1 0 -1 -1 0.0169386026 -0.1108070686
3 22 1 0 -1 -1 0.0131529970 -0.0777169019
1 27 4 1 -1 -1 0.0141272163 -0.0621025302
2 19 1 0 -1 1 0.0090586534 0.1042160392

#### New layer start
127 -0.0722442046
2 22 4 0 -1 -1 0.0026777985 -0.2668834627
1 1 12 1 -1 1 0.0054499060 0.0679285824
1 18 2 2 -1 -1 0.0073617995 -0.2501389086
1 22 1 3 -1 -1 0.0064851646 -0.3592070937
0 9 11 5 -1 -1 0.0080589168 -0.0002272727
2 10 8 16 -1 1 0.0091418615 0.2503653467
2 30 4 1 -1 -1 0.0089693535 -0.1337152869
0 15 7 12 -1 1 0.0049458947 0.0352890566
1 9 1 5 -1 -1 0.0095545473 -0.0866404176
0 25 1 15 -1 -1 0.0046157092 0.1617404521
0 0 2 2 -1 -1 0.0053094090 0.0151452022
2 12 7 5 -1 -1 0.0051312740 0.0996553227
2 26 2 0 -1 1 0.0139652789 0.1534905136
1 21 3 1 -1 -1 0.0155050298 -0.1199803352
0 45 1 1 -1 1 0.0065342681 -0.0302904043
0 8 1 38 -1 -1 0.0083042905 0.0605808087
0 1 1 43 -1 1 0.0133257471 -0.0664824992
2 4 6 8 -1 1 0.0072491542 0.0986013412
3 25 1 0 -1 -1 0.0083299149 -0.0577270240
0 32 1 5 -1 1 0.0099530760 0.2998611331
1 8 9 0 -1 1 0.0074735880 0.0430891961
0 15 1 0 -1 1 0.0069484622 -0.0316330642
3 23 1 0 -1 -1 0.0056739794 -0.0834474936
0 28 2 3 -1 1 0.0097678006 0.1402153969
2 12 2 8 -1 1 0.0060260710 0.1855274737
0 12 1 24 -1 -1 0.0065371571 0.0656816214
0 5 3 1 -1 -1 0.0054936013 0.0026560850
2 19 3 0 -1 -1 0.0091167521 -0.1899074316
2 25 1 7 -1 -1 0.0077584372 0.0633122325
3 25 2 0 -1 -1 0.0065811654 -0.0560475439
0 0 11 21 -1 1 0.0205979124 -0.6904870272
0 29 9 1 -1 -1 0.0137616312 -0.1571710408
0 0 10 19 -1 -1 0.0077526523 -0.4337807894
0 23 3 15 -1 1 0.0067432499 -0.0966425240
1 3 1 6 -1 -1 0.0072007873 -0.1348644197
2 4 5 12 -1 1 0.0060708486 0.0512886979
3 24 1 0 -1 -1 0.0077861212 -0.0714781731
1 26 1 3 -1 -1 0.0152013814 -0.1371594965
0 29 3 3 -1 1 0.0073800208 0.2111456245
2 25 4 10 -1 1 0.0076291445 0.0795686394
1 23 1 3 -1 -1 0.0148282479 -0.2337117344
1 25 1 8 -1 -1 0.0073637329 0.0308487676
0 16 12 0 -1 -1 0.0112536931 0.1193989217
0 41 2 0 -1 1 0.0080475314 -0.0172089953
0 39 4 1 -1 -1 0.0062139779 0.0518045276
3 3 15 0 -1 -1 0.0073518786 0.0275114700
2 19 1 1 -1 1 0.0092788739 0.1731526405
1 20 1 0 -1 1 0.0058784527 0.0390843228
3 16 2 0 -1 -1 0.0058515477 -0.0324901566
2 11 3 16 -1 1 0.0074870470 0.0766814202
3 7 7 0 -1 1 0.0073636803 0.0941124037
2 32 2 2 -1 1 0.0090784309 0.0493006669
2 27 3 15 -1 1 0.0084753279 0.0977161974
0 10 7 20 -1 1 0.0072394544 -0.0422468372
0 27 4 11 -1 -1 0.0066815396 0.4360069633
2 10 7 5 -1 -1 0.0048297779 0.1027826220
1 29 1 1 -1 1 0.0064431177 0.0264297388
2 7 9 8 -1 1 0.0065017515 -0.0357212983
1 15 1 2 -1 1 0.0072110668 0.1694679856
1 19 1 0 -1 1 0.0066737705 0.0266760308
2 10 8 15 -1 1 0.0076465453 0.1946997792
0 6 1 16 -1 1 0.0090045249 -0.1802540272
2 22 1 1 -1 1 0.0097172251 0.1069876403
2 19 8 9 -1 1 0.0068747266 -0.0402486473
2 13 1 25 -1 -1 0.0074902577 0.0872139037
0 0 1 14 -1 -1 0.0092876907 -0.3710508943
1 37 1 2 -1 -1 0.0058212588 0.0046838662
0 10 1 14 -1 -1 0.0108789532 0.0687955916
2 35 2 2 -1 1 0.0144733787 0.1107262671
0 15 10 0 -1 -1 0.0133195315 0.1179295853
1 22 2 0 -1 1 0.0159356818 0.0504861139
0 40 1 1 -1 1 0.0073004970 -0.0092379246
0 36 1 9 -1 -1 0.0127912397 -0.3629584312
3 43 1 1 -1 -1 0.0053349398 0.0151452022
2 7 5 8 -1 1 0.0056490400 0.0759790987
1 10 6 3 -1 1 0.0066567240 0.1656832993
3 18 3 7 -1 1 0.0088413227 0.0030941360
2 26 3 14 -1 1 0.0068470044 0.1154527217
0 0 3 25 -1 1 0.0094345910 -0.3788384199
2 46 1 0 -1 1 0.0109191909 -0.0608220771
2 8 5 18 -1 1 0.0071916520 0.0523006320
1 3 3 0 -1 1 0.0029738413 -0.0050994405
0 18 1 14 -1 -1 0.0062205344 0.0634361729
1 13 1 0 -1 1 0.0036060621 -0.0047961907
2 33 6 0 -1 -1 0.0064607388 -0.0388238691
1 16 9 1 -1 -1 0.0083682705 0.1228896379
0 24 1 14 -1 -1 0.0090269735 0.1221798137
2 24 4 15 -1 1 0.0089435223 0.0661015362
0 29 7 0 -1 1 0.0103200600 0.1495118737
0 4 8 9 -1 -1 0.0075541879 -0.3876094222
2 2 1 5 -1 1 0.0054378817 0.0194309615
2 8 8 19 -1 1 0.0167751517 0.2889395654
2 14 6 5 -1 1 0.0102085993 -0.0532310158
0 13 1 0 -1 1 0.0084575238 -0.0348547958
2 13 3 13 -1 1 0.0069891335 0.1250925958
2 3 12 13 -1 -1 0.0079855649 0.0684020966
0 1 1 42 -1 -1 0.0088061625 0.0307220370
3 3 1 10 -1 1 0.0066935048 0.1222566292
3 20 6 2 -1 -1 0.0090886857 0.0101138651
2 21 1 9 -1 -1 0.0075511173 0.0328769609
2 23 3 5 -1 -1 0.0067199441 0.1283220500
1 19 1 9 -1 1 0.0066302344 0.1987339705
0 9 1 16 -1 1 0.0080481516 -0.0908712149
0 8 1 1 -1 -1 0.0056651887 0.0091464259
0 7 1 0 -1 -1 0.0051083695 -0.0017637123
2 10 5 0 -1 -1 0.0079334779 -0.0937104449
0 30 1 5 -1 1 0.0093737394 0.0837029964
0 8 3 1 -1 -1 0.0058331313 0.0106894746
0 6 12 6 -1 1 0.0074928901 -0.3793830276
3 3 5 9 -1 1 0.0084188981 0.2706274688
2 4 1 5 -1 1 0.0047951015 0.0192928053
0 4 1 11 -1 -1 0.0091576576 -0.2339803278
2 6 8 25 -1 -1 0.0052188556 0.0114689628
3 6 1 0 -1 1 0.0052084313 -0.0174340680
2 4 1 2 -1 1 0.0052846945 -0.0699794218
2 23 1 1 -1 -1 0.0075557823 -0.3219891787
3 15 7 2 -1 -1 0.0074839387 0.0048866607
2 12 6 6 -1 -1 0.0068663722 0.0809950978
0 4 1 0 -1 -1 0.0032732179 -0.0018727309
3 19 1 0 -1 -1 0.0045758141 -0.0502579026
2 17 2 17 -1 -1 0.0058372901 0.0906145126
1 15 1 1 -1 1 0.0070512923 0.0772208273
3 41 2 0 -1 -1 0.0039423122 -0.0070116175
3 45 1 0 -1 -1 0.0045767371 0.0191987194
0 16 1 17 -1 -1 0.0067483895 0.1217439920
0 13 3 16 -1 1 0.0058622332 -0.0927576721
2 12 11 5 -1 1 0.0060320403 0.0538678505

#### New layer start
128 -0.0821287781
2 12 9 10 -1 1 0.0023663007 0.2075224370
1 20 1 3 -1 -1 0.0038168426 -0.3127374947
1 1 12 0 -1 1 0.0053398572 0.0692598298
1 26 1 4 -1 1 0.0057117394 0.4376619458
0 13 5 8 -1 -1 0.0072592692 -0.1793951988
0 18 1 4 -1 1 0.0070545510 0.3955870271
1 0 1 3 -1 1 0.0071484665 -0.0326594859
1 18 2 1 -1 1 0.0047775935 0.2430747449
0 4 2 2 -1 -1 0.0067139459 0.0153610185
2 10 7 17 -1 1 0.0115233827 0.2599281073
0 0 17 7 -1 1 0.0083724484 -0.4743078947
0 10 1 36 -1 -1 0.0063139005 0.0706476569
1 27 4 1 -1 -1 0.0094276955 -0.0879945308
0 44 2 0 -1 1 0.0106155956 -0.0152919507
0 19 1 21 -1 1 0.0046584783 0.2373161614
0 25 1 3 -1 -1 0.0109154172 -0.2303001285
1 23 1 2 -1 1 0.0095429169 0.1812843531
3 9 5 3 -1 1 0.0134406798 0.0407275110
0 13 12 4 -1 -1 0.0097469650 0.1632973701
2 23 1 2 -1 1 0.0113495952 0.1054093614
0 1 3 38 -1 1 0.0082220295 -0.0591265410
2 2 7 25 -1 1 0.0052560084 0.1007084325
2 10 3 9 -1 1 0.0056010359 0.1539072096
2 10 4 25 -1 -1 0.0073685730 0.0352009386
1 13 2 1 -1 1 0.0100796660 0.1050557345
2 13 2 15 -1 1 0.0076521058 0.1539671123
0 8 1 3 -1 -1 0.0056781252 0.0069808243
2 21 7 6 -1 -1 0.0083142994 0.0627080947
0 30 3 4 -1 1 0.0083518391 0.1933053434
0 40 2 2 -1 1 0.0074375393 -0.0152919507
0 35 1 11 -1 -1 0.0107147228 -0.1847524345
2 26 2 10 -1 1 0.0061248695 0.1369237304
0 9 1 14 -1 -1 0.0084444666 0.0698487610
0 10 1 12 -1 1 0.0109061366 -0.1770509928
2 24 2 7 -1 -1 0.0055715148 0.0154015590
1 23 1 1 -1 1 0.0151680568 0.0389927141
0 28 3 3 -1 1 0.0125746755 0.1540979743
0 0 11 19 -1 -1 0.0101737762 -0.4226977825
2 12 6 7 -1 1 0.0100883367 -0.1004765853
0 14 1 0 -1 1 0.0096596507 -0.0307354927
0 25 1 12 -1 -1 0.0081727114 0.1028991640
1 24 1 8 -1 -1 0.0079187443 0.0151452031
2 40 2 4 -1 -1 0.0047739898 0.0032154673
3 23 1 0 -1 -1 0.0078663668 -0.1112756878
2 20 1 1 -1 1 0.0084817540 0.1355744004
2 19 1 0 -1 1 0.0066998573 0.0832343698
2 16 1 0 -1 1 0.0066306125 -0.0439374819
2 3 15 7 -1 1 0.0084937252 0.0310105942
0 0 2 12 -1 1 0.0153059866 0.2062281072
0 0 1 46 -1 -1 0.0120112309 0.0318304636
2 3 11 12 -1 -1 0.0077452306 0.0505429357
0 31 3 4 -1 1 0.0083656693 0.2407093644
0 3 1 1 -1 -1 0.0037344927 0.0074395565
3 9 5 6 -1 -1 0.0066897217 -0.0245945454
2 8 9 18 -1 1 0.0201127641 0.2652456164
0 13 9 2 -1 -1 0.0094774216 0.0868962854
0 18 7 2 -1 1 0.0071679838 -0.0700612366
3 19 8 1 -1 -1 0.0099550355 0.0147487558
0 26 1 3 -1 -1 0.0097348392 -0.2574628592
2 25 4 15 -1 1 0.0092579154 0.0841710418
2 26 1 7 -1 -1 0.0083228955 0.0124611799
1 45 1 0 -1 1 0.0053711906 -0.0048000123
0 5 1 1 -1 -1 0.0060626459 -0.0202113055
2 3 5 35 -1 -1 0.0056510847 0.0177646279
1 4 1 6 -1 -1 0.0097925616 -0.1089830920
1 20 1 0 -1 1 0.0067796195 0.0260730423
3 3 6 9 -1 -1 0.0091266297 -0.0152510591
2 13 11 3 -1 1 0.0098543903 0.0516882166
2 12 7 8 -1 -1 0.0061496124 0.1019984856
1 21 1 5 -1 1 0.0125775374 0.0991613939
3 20 2 1 -1 1 0.0058660861 0.0064309346
2 23 1 0 -1 1 0.0085382164 0.0515084900
0 9 9 9 -1 1 0.0071403310 -0.3817232251
0 11 1 0 -1 1 0.0086511960 -0.0429646038
1 12 1 0 -1 1 0.0039730011 -0.0053932592
2 16 3 15 -1 -1 0.0063762413 0.0620833412
2 32 2 0 -1 1 0.0052359868 0.0655249804
1 11 1 0 -1 1 0.0037428401 -0.0047732969
0 0 12 23 -1 -1 0.0133786956 0.0449980050
0 4 1 17 -1 1 0.0100001870 -0.1570838243
0 0 12 24 -1 -1 0.0115196276 -0.2585764229
0 21 5 17 -1 1 0.0063820416 -0.0020410288
2 12 6 6 -1 -1 0.0090364199 0.0865243673
3 27 1 0 -1 -1 0.0042434554 -0.0014578558
1 22 2 2 -1 -1 0.0105110146 -0.1616237909
0 15 9 5 -1 1 0.0093251532 -0.1607797295
1 16 1 0 -1 1 0.0034591858 -0.0042887796
1 42 1 0 -1 1 0.0041951593 -0.0045801634
3 41 1 1 -1 -1 0.0062098997 0.0354074501
3 45 1 0 -1 -1 0.0032902576 0.0087456293
1 32 1 6 -1 1 0.0178341139 0.2006845474
0 15 1 22 -1 1 0.0054406198 -0.0641346201
1 41 1 0 -1 1 0.0037915511 -0.0045146961
2 19 8 8 -1 1 0.0067486479 -0.0374826416
1 7 1 17 -1 -1 0.0090266597 0.1178060919
0 3 8 9 -1 -1 0.0096974941 -0.3889566660
2 31 7 3 -1 -1 0.0071683140 -0.0588562116
2 23 1 7 -1 -1 0.0073914574 0.0608034134
1 14 1 4 -1 -1 0.0137390699 -0.1378430724
0 7 1 3 -1 -1 0.0057503628 -0.0194963571
2 3 4 2 -1 1 0.0057475031 -0.0012469526
3 2 5 5 -1 1 0.0054847235 0.0457860827
0 11 7 10 -1 1 0.0085221240 -0.1840426624
1 10 6 2 -1 1 0.0084623089 0.0553188026
2 27 3 0 -1 1 0.0081973765 0.1255944967
0 17 1 16 -1 -1 0.0057125292 0.0944325253
2 32 1 0 -1 1 0.0071974704 0.1072437465
2 17 2 0 -1 1 0.0081543904 0.0482441112
0 9 1 13 -1 1 0.0089556780 -0.3502801657
0 15 1 0 -1 1 0.0067860675 -0.0381211862
0 15 1 15 -1 -1 0.0073226639 0.0648749396
0 29 7 3 -1 1 0.0077330307 0.2048642635
0 0 2 44 -1 1 0.0093530389 -0.0484828055
2 2 1 5 -1 1 0.0062011583 0.0194309615
3 7 1 0 -1 1 0.0044627883 -0.0163475052
2 2 1 44 -1 -1 0.0079520307 0.1303562820
0 45 1 0 -1 1 0.0046595191 0.0194498487
3 11 6 8 -1 -1 0.0057142368 0.0614947155
2 7 9 13 -1 -1 0.0066367849 0.0638167709
2 19 8 5 -1 1 0.0088694822 -0.0827136785
0 1 4 23 -1 -1 0.0071306401 -0.7891095877
3 32 1 0 -1 1 0.0032511628 -0.0048781652
3 4 2 9 -1 1 0.0061885277 0.1414528489
3 22 1 0 -1 1 0.0045437613 0.0103270523
2 9 3 11 -1 1 0.0058600535 0.1392173320
2 19 4 8 -1 -1 0.0063357693 0.0643657148
3 39 2 0 -1 -1 0.0043649487 0.0117122177
1 36 2 1 -1 -1 0.0047694221 -0.0042111184

#### New layer start
128 -0.0805474147
2 12 9 10 -1 1 0.0000999826 0.2095348537
3 22 4 0 -1 1 0.0041575865 0.2866493464
1 0 13 0 -1 1 0.0083476044 0.0621963218
1 25 1 6 -1 1 0.0075412989 0.4398795068
2 11 4 22 -1 -1 0.0084664077 0.0394191928
0 6 11 10 -1 -1 0.0062020575 -0.1137448400
3 21 3 1 -1 1 0.0097135669 0.3155646622
0 22 1 3 -1 1 0.0048643351 0.3070802093
0 30 1 6 -1 1 0.0065318337 0.3233688176
0 19 1 3 -1 1 0.0050427155 0.3397559524
3 18 8 0 -1 -1 0.0090536168 0.0167220514
2 2 3 2 -1 1 0.0071047228 -0.0292495154
2 6 11 16 -1 1 0.0083952900 0.1754651070
2 2 5 19 -1 -1 0.0053317989 -0.0597043857
0 4 2 3 -1 -1 0.0062411050 0.0151452031
1 9 2 13 -1 1 0.0069531524 -0.1019219607
0 9 1 34 -1 -1 0.0096833203 0.0311805569
0 9 1 14 -1 1 0.0102508431 -0.1528594792
3 18 1 0 -1 -1 0.0041538170 -0.0503827147
2 23 4 5 -1 -1 0.0088368366 0.0787268505
0 28 2 4 -1 1 0.0089673428 0.1947710216
2 34 3 0 -1 1 0.0149474535 0.1467460394
0 42 2 1 -1 1 0.0080611994 -0.0153714884
2 20 1 0 -1 1 0.0081862835 0.0820794925
3 3 2 9 -1 1 0.0054150657 0.1419622302
2 18 1 1 -1 1 0.0098531479 0.1443376094
0 4 2 35 -1 1 0.0101366667 -0.0441869944
0 0 1 46 -1 -1 0.0115788374 0.0943920389
0 35 1 9 -1 -1 0.0166258514 -0.3409787416
0 15 7 3 -1 -1 0.0047529018 0.0793431550
2 12 2 9 -1 1 0.0078847166 0.2546733022
3 25 1 1 -1 -1 0.0088335918 -0.0987577215
1 15 1 0 -1 1 0.0060753780 -0.0043668952
3 13 6 6 -1 -1 0.0084585948 0.0883208960
0 39 2 0 -1 1 0.0074756974 -0.0153285004
0 24 1 2 -1 -1 0.0107810497 -0.2372551858
0 31 3 4 -1 1 0.0109340139 0.2392234802
3 22 1 0 -1 1 0.0075045009 0.0103270523
2 13 1 27 -1 -1 0.0077506108 0.0654653683
0 23 1 14 -1 -1 0.0085271737 0.1518656015
0 15 1 0 -1 1 0.0072671110 -0.0302904043
0 0 10 2 -1 -1 0.0106065935 -0.3493242264
3 8 6 3 -1 1 0.0126079852 0.0660377145
0 8 13 3 -1 1 0.0085932026 -0.2927954197
0 20 8 12 -1 1 0.0058542527 0.0747152865
0 0 13 15 -1 -1 0.0113392137 -0.3920004964
0 0 3 25 -1 1 0.0085854148 -0.4308726788
2 13 6 5 -1 -1 0.0078372005 0.0873321146
3 21 1 0 -1 1 0.0069078878 0.0385357887
2 7 5 15 -1 -1 0.0069324295 -0.0742179900
3 23 1 0 -1 1 0.0078868065 0.0410046242
3 8 5 3 -1 1 0.0115302922 0.0430050977
3 7 5 7 -1 -1 0.0089386692 -0.0382083356
1 26 1 9 -1 -1 0.0102556283 0.0649909750
2 12 3 15 -1 1 0.0093565239 0.0975333229
0 3 10 21 -1 -1 0.0116950227 0.0522173084
2 2 7 26 -1 1 0.0065827663 0.0876457542
0 8 1 0 -1 -1 0.0040603583 -0.0022955320
0 45 1 1 -1 1 0.0061452063 -0.0117474552
0 43 2 1 -1 -1 0.0044357516 0.0317312256
3 26 1 1 -1 -1 0.0063822754 -0.1116585806
2 27 2 11 -1 1 0.0070918207 0.1236237437
3 44 1 0 -1 -1 0.0048837946 0.0155979674
2 15 5 8 -1 -1 0.0098996377 0.0739313141
3 4 11 0 -1 1 0.0104076387 -0.0352388695
2 25 2 6 -1 -1 0.0075505250 0.0233489089
0 29 2 4 -1 1 0.0113088209 0.1422317922
2 16 7 9 -1 -1 0.0085127139 0.0886078328
2 22 1 0 -1 1 0.0080504473 0.0527046807
3 5 8 7 -1 -1 0.0078149308 0.0235714987
3 31 1 0 -1 1 0.0048277057 0.0111669488
2 17 1 1 -1 1 0.0098143518 0.1467121840
2 18 9 10 -1 1 0.0068971645 -0.0618502647
0 0 4 7 -1 -1 0.0084881643 -0.0992355347
1 5 3 3 -1 -1 0.0075114709 -0.1087841243
0 7 4 0 -1 -1 0.0070603993 0.0078705745
1 15 1 3 -1 -1 0.0137178563 -0.2228319049
2 20 6 7 -1 1 0.0080948956 -0.0973544568
0 17 8 2 -1 1 0.0075163790 -0.0572180748
2 25 4 13 -1 1 0.0081320610 0.0476858914
0 13 1 0 -1 1 0.0088660866 -0.0419214293
2 16 5 5 -1 -1 0.0081422729 0.0822002217
2 2 1 3 -1 1 0.0047124992 -0.0077922605
0 17 1 16 -1 -1 0.0088536059 0.0921637416
2 33 2 0 -1 -1 0.0057019470 -0.1150117368
0 15 2 14 -1 1 0.0077486206 -0.1329876781
3 3 3 0 -1 1 0.0043192743 -0.0009832927
3 4 1 0 -1 1 0.0033552900 -0.0046189623
1 26 1 6 -1 1 0.0120813726 0.4745528102
0 3 10 23 -1 -1 0.0095963879 -0.2393529713
0 17 1 20 -1 1 0.0073715518 0.2236433476
2 9 8 7 -1 -1 0.0050202063 0.0545875803
0 4 8 9 -1 -1 0.0089260126 -0.3941354156
0 0 3 42 -1 1 0.0071379375 -0.0672502518
2 39 1 5 -1 -1 0.0061979266 -0.0197295323
0 0 3 1 -1 -1 0.0056328122 0.0027435306
0 0 1 12 -1 1 0.0082900170 0.0922649652
2 9 10 6 -1 1 0.0089614028 0.0020342972
0 10 1 13 -1 1 0.0097935190 -0.3487775922
0 8 1 14 -1 1 0.0095432168 -0.1009936482
2 21 1 0 -1 1 0.0068123904 0.0527046807
1 34 2 0 -1 -1 0.0047818692 -0.0065880851
3 17 1 5 -1 1 0.0047748117 -0.3193996549
0 11 1 7 -1 -1 0.0075163487 -0.5209722519
0 26 1 9 -1 -1 0.0086475667 0.0383974388
2 14 11 3 -1 1 0.0079095112 0.0527818538
2 20 1 9 -1 -1 0.0074793715 0.0352870524
3 9 9 1 -1 1 0.0077187670 -0.0409153700
0 2 3 25 -1 1 0.0074586836 -0.4362442791
2 2 8 22 -1 1 0.0078411084 0.0490098074
1 0 1 7 -1 -1 0.0069994801 -0.1344265342
1 34 2 1 -1 1 0.0135280713 0.1207746118
0 16 1 0 -1 1 0.0062869382 -0.0446677953
1 22 1 3 -1 -1 0.0072670784 -0.2238670290
3 16 1 5 -1 1 0.0050712815 -0.3280625045
2 2 6 32 -1 -1 0.0042155329 0.0155065684
0 14 11 1 -1 -1 0.0103664752 0.1225148290
1 16 1 3 -1 1 0.0068295207 0.2915287018
2 24 1 0 -1 1 0.0107845915 0.0708497390
3 45 1 0 -1 -1 0.0060856217 0.0187753364
3 42 1 1 -1 -1 0.0043677138 -0.0100167226
1 45 1 0 -1 1 0.0047134645 -0.0151452022
1 6 11 2 -1 1 0.0081762550 0.3407180905
1 16 10 0 -1 -1 0.0067750388 0.0832676589
2 21 3 6 -1 -1 0.0055263182 -0.0198975429
2 12 1 26 -1 -1 0.0075114109 0.1221152097
0 12 1 10 -1 1 0.0079227090 -0.3577506840
2 20 7 9 -1 1 0.0052764341 -0.0327201672

#### New layer start
128 -0.0805217177
2 12 9 10 -1 1 0.0001091712 0.2065042555
0 20 1 3 -1 1 0.0092377327 0.3177673817
2 30 7 0 -1 -1 0.0069298646 -0.0686488748
2 11 7 16 -1 1 0.0102203060 0.2841724455
0 7 7 19 -1 -1 0.0118770031 0.0428373069
2 17 7 4 -1 1 0.0082363086 0.0996472239
0 0 4 2 -1 -1 0.0076060221 0.0227178037
2 6 4 17 -1 -1 0.0066458611 -0.1372022033
1 17 3 1 -1 -1 0.0064934473 -0.2113549113
2 8 4 11 -1 1 0.0056429184 0.1111805588
0 15 7 13 -1 1 0.0074993786 0.0955357850
2 24 1 0 -1 -1 0.0073145265 -0.1735824198
2 13 7 5 -1 1 0.0114754252 -0.0269382671
1 25 1 5 -1 1 0.0080277165 0.4611805677
2 11 7 5 -1 -1 0.0076734587 0.0958877578
0 32 2 8 -1 -1 0.0196144432 -0.2596460581
2 10 7 8 -1 1 0.0075864014 -0.0562703982
0 39 3 0 -1 1 0.0075852624 -0.0211511180
2 3 6 33 -1 -1 0.0060081976 0.0220338460
1 22 1 4 -1 -1 0.0103674270 -0.3286314011
0 5 1 39 -1 -1 0.0120130666 0.0676917061
2 27 1 11 -1 1 0.0064278678 0.1981945336
1 19 1 10 -1 1 0.0071895551 0.1193365157
2 23 4 5 -1 -1 0.0091829980 0.0787268505
2 23 1 0 -1 -1 0.0100039449 -0.1746509820
0 44 1 2 -1 1 0.0084037799 -0.0083916243
2 11 4 22 -1 -1 0.0079416158 0.0429811925
1 0 12 0 -1 1 0.0096626189 0.0706057400
2 19 8 8 -1 1 0.0099432198 -0.0755302012
3 25 1 0 -1 -1 0.0079181222 -0.0802729130
2 18 1 0 -1 1 0.0079521537 0.0879443139
0 16 1 0 -1 1 0.0091441534 -0.0308031179
1 8 1 15 -1 -1 0.0069938572 0.1587063968
2 16 11 0 -1 1 0.0087426864 -0.0225351900
2 34 1 2 -1 1 0.0138525218 0.2001388967
2 29 3 0 -1 1 0.0066741803 0.1046671793
3 24 1 0 -1 -1 0.0042658583 -0.0842495263
3 11 3 7 -1 -1 0.0070797247 -0.1141468063
3 26 1 0 -1 -1 0.0059560374 -0.0814465731
0 0 1 0 -1 -1 0.0039096484 0.0093898783
0 28 3 4 -1 1 0.0103514930 0.1562030762
3 17 7 0 -1 -1 0.0089599090 0.0500959903
0 0 12 16 -1 -1 0.0096622324 -0.3955269158
0 4 2 35 -1 1 0.0094577922 -0.0441921800
0 8 10 8 -1 1 0.0094117029 -0.3762140870
0 4 1 1 -1 -1 0.0058702249 -0.0204380006
0 16 10 0 -1 -1 0.0138929086 0.1302204430
1 25 1 8 -1 -1 0.0122516705 0.0319830887
2 9 5 0 -1 -1 0.0086879460 -0.0938978642
3 2 2 9 -1 1 0.0060342522 0.1458935440
0 7 1 3 -1 -1 0.0060933600 0.0070298985
2 37 2 7 -1 -1 0.0060828361 0.0034130090
1 18 1 0 -1 1 0.0043364195 0.0266760308
2 25 3 12 -1 1 0.0078664003 0.1246689558
1 40 1 0 -1 1 0.0042265044 -0.0050378153
0 25 1 11 -1 -1 0.0096522430 0.0920843780
2 6 9 23 -1 -1 0.0157594774 -0.0980116427
0 19 8 13 -1 1 0.0081179254 0.0734419152
1 42 1 0 -1 1 0.0044185407 -0.0049875621
2 15 5 8 -1 -1 0.0095499801 0.0824871212
1 10 6 3 -1 1 0.0097879320 0.1248131692
1 41 1 0 -1 1 0.0054416070 -0.0045766830
0 0 5 13 -1 1 0.0095220227 -0.3064524233
0 0 1 15 -1 -1 0.0109983254 -0.3631895781
0 14 1 0 -1 1 0.0063908389 -0.0303542186
2 34 3 0 -1 -1 0.0060906177 -0.0868602768
2 27 3 11 -1 1 0.0085601555 0.0855128244
3 26 1 1 -1 -1 0.0067488132 -0.0809036046
2 7 8 6 -1 -1 0.0073953038 0.0600200370
3 22 1 1 -1 1 0.0070522386 0.0248140488
0 7 1 0 -1 -1 0.0051962454 -0.0017637123
0 1 12 22 -1 -1 0.0103273932 -0.1792245507
2 25 4 15 -1 1 0.0095869815 0.0771438852
0 31 1 7 -1 1 0.0083204620 0.2338185906
0 0 2 27 -1 1 0.0091932965 -0.4691039920
2 30 1 0 -1 1 0.0070813298 0.0858854204
2 2 3 2 -1 1 0.0060276068 -0.0100163817
3 6 1 0 -1 1 0.0049874480 -0.0217028987
3 9 7 6 -1 -1 0.0088049499 0.0143843684
3 17 1 1 -1 -1 0.0060632285 -0.0670417398
2 19 1 0 -1 1 0.0071590599 0.0239204932
2 10 4 16 -1 1 0.0090414751 0.1425426602
3 31 1 0 -1 1 0.0049460223 0.0118413307
0 17 1 16 -1 -1 0.0074952631 0.0908712149
2 6 13 6 -1 1 0.0068778237 0.0383974351
2 9 9 11 -1 -1 0.0088024940 0.0676127225
3 9 6 0 -1 1 0.0097536221 0.1105930358
2 20 7 10 -1 1 0.0071567185 -0.0213418901
0 15 1 16 -1 1 0.0058282455 -0.0908712149
3 45 1 0 -1 -1 0.0051842071 0.0151452022
2 2 1 8 -1 1 0.0080135679 0.0202361457
0 0 1 1 -1 1 0.0046435818 -0.0066007320
1 31 1 1 -1 1 0.0080743330 0.0664199069
2 18 12 5 -1 -1 0.0064570606 0.0652965158
2 41 1 4 -1 -1 0.0047522392 0.0075472775
0 17 1 9 -1 -1 0.0084983641 0.0721185058
0 11 1 11 -1 1 0.0067011826 -0.1825198531
1 20 1 1 -1 1 0.0072724372 0.0396432504
0 3 11 5 -1 -1 0.0089288419 -0.4116588235
0 7 1 16 -1 -1 0.0115544330 0.0896831155
2 9 7 7 -1 -1 0.0065940348 0.0309126265
2 14 2 9 -1 1 0.0068299044 0.2030189037
0 9 1 0 -1 -1 0.0052003912 -0.0018776525
2 7 5 28 -1 -1 0.0057159076 0.0303173922
0 1 2 42 -1 1 0.0090874387 -0.0594821870
0 35 1 11 -1 -1 0.0101463497 -0.1021152958
0 29 2 10 -1 1 0.0096526835 0.2326560915
0 13 6 12 -1 -1 0.0095666358 0.1481018662
0 8 1 0 -1 -1 0.0043189419 -0.0016625798
2 13 2 12 -1 1 0.0082170544 0.0538675264
3 11 1 0 -1 1 0.0025158359 -0.0051480136
1 21 1 3 -1 -1 0.0075274338 -0.2596953809
3 4 6 8 -1 -1 0.0071626920 -0.0064699077
2 11 4 15 -1 1 0.0085494509 0.0449371040
3 20 2 9 -1 1 0.0070452681 -0.0504878648
3 8 1 5 -1 -1 0.0074192006 0.0638593435
1 18 2 0 -1 -1 0.0084020477 -0.0802623481
0 17 1 21 -1 1 0.0075765112 0.2211963981
0 8 1 15 -1 1 0.0069413837 -0.0936586261
0 36 2 1 -1 1 0.0074753109 -0.0211189352
2 37 1 0 -1 -1 0.0038259972 -0.0196399875
0 41 1 2 -1 1 0.0043652267 0.0201874655
2 26 2 0 -1 1 0.0097654378 0.1445299238
2 13 1 33 -1 1 0.0071473923 -0.0559540540
0 3 1 43 -1 -1 0.0082484921 0.0306907371
1 18 8 1 -1 -1 0.0067045474 0.1178554893
2 13 1 26 -1 -1 0.0055563292 0.0732520372
0 26 1 4 -1 -1 0.0076314458 -0.2258975804

#### New layer start
256 -0.0371811278
2 13 8 10 -1 1 0.0013692926 0.2358949482
2 12 2 9 -1 1 0.0023930860 0.1620530039
0 18 1 4 -1 1 0.0036192068 0.4627938271
0 1 1 45 -1 -1 0.0067024273 0.0942286327
0 27 3 3 -1 1 0.0046803891 0.2335648537
2 27 6 1 -1 1 0.0042728349 0.2890460491
2 19 4 0 -1 1 0.0059157643 0.2437611371
2 9 9 6 -1 1 0.0027558017 -0.0216558445
2 10 7 7 -1 -1 0.0038095941 0.0467554703
2 9 8 17 -1 1 0.0092871347 0.3002913296
0 13 1 22 -1 -1 0.0047570383 0.0910101086
0 30 2 4 -1 1 0.0045250920 0.2842361331
2 24 4 0 -1 1 0.0060889744 0.1733602285
2 21 7 6 -1 -1 0.0032083271 0.0650521517
0 2 2 42 -1 1 0.0050321571 -0.0663124323
0 5 2 2 -1 -1 0.0030216365 0.0153714884
3 25 1 0 -1 -1 0.0040815338 -0.0748923346
1 23 1 0 -1 -1 0.0040759733 -0.0573278368
0 11 12 4 -1 -1 0.0046464498 0.1155734807
0 33 2 8 -1 -1 0.0097084753 -0.2475123852
2 4 15 6 -1 1 0.0021272721 0.0415728465
2 2 1 5 -1 1 0.0042070444 -0.0073937406
0 7 1 17 -1 1 0.0045663528 -0.2675528228
1 10 8 0 -1 1 0.0045766216 0.0856270045
3 25 1 1 -1 -1 0.0026323069 -0.0803447738
2 19 9 9 -1 1 0.0041370643 -0.0445795655
2 18 8 6 -1 -1 0.0046289265 0.1182663515
2 29 8 1 -1 -1 0.0049618459 -0.0097263809
2 25 1 7 -1 -1 0.0023497820 0.0083449399
1 20 1 10 -1 1 0.0039655841 0.1221576184
2 12 3 6 -1 1 0.0019275112 0.2852942944
0 42 2 0 -1 1 0.0040565394 -0.0152607057
0 39 4 1 -1 -1 0.0046660197 0.0572771206
0 1 4 23 -1 -1 0.0063969875 -0.7865046859
2 18 2 0 -1 1 0.0051663071 0.0631323457
2 21 1 0 -1 1 0.0047502769 0.0263523404
2 12 6 6 -1 1 0.0038050367 -0.0749617741
3 33 1 0 -1 1 0.0039700177 0.0397010818
0 14 1 1 -1 1 0.0033430180 -0.0550229363
2 17 1 0 -1 1 0.0049741324 0.0521003008
2 3 5 19 -1 -1 0.0032127721 -0.0728452355
0 2 1 2 -1 -1 0.0038880694 -0.0200334452
0 8 1 14 -1 1 0.0051760678 -0.1529168785
3 3 12 0 -1 1 0.0056119682 -0.0393582508
2 9 7 9 -1 1 0.0043544164 -0.0309202075
0 22 3 1 -1 -1 0.0077372603 -0.1048453599
2 34 2 0 -1 -1 0.0032918900 -0.1251389086
2 10 8 10 -1 -1 0.0029293234 0.0652716309
0 29 1 6 -1 1 0.0048620612 0.2053812742
0 10 1 0 -1 -1 0.0032365152 -0.0018809934
1 44 1 0 -1 1 0.0031080029 -0.0049916944
1 32 1 3 -1 1 0.0088430233 0.1598089337
1 43 1 0 -1 1 0.0025753784 -0.0045801634
0 26 1 0 -1 1 0.0061053312 -0.0335852467
2 25 1 6 -1 -1 0.0051589147 0.1183064580
0 40 1 1 -1 1 0.0051755998 -0.0308960155
0 6 1 1 -1 -1 0.0031379000 -0.0197295323
0 24 3 0 -1 -1 0.0060609826 -0.1907810122
1 19 9 1 -1 -1 0.0037817690 0.0754851401
2 38 3 0 -1 -1 0.0043353820 0.0030248135
0 11 1 29 -1 -1 0.0045520682 0.0092167854
0 12 1 24 -1 1 0.0024216082 -0.0651290193
3 18 3 7 -1 1 0.0032653310 0.0274565518
3 30 1 0 -1 1 0.0019518223 0.0125224022
3 32 1 0 -1 1 0.0022760597 0.0119246040
0 0 3 3 -1 1 0.0057600359 -0.0225112624
1 0 11 1 -1 1 0.0037433391 0.0845123157
1 45 1 0 -1 1 0.0017850314 -0.0045146961
0 1 1 12 -1 1 0.0061992742 0.1225082874
1 2 3 1 -1 1 0.0025283576 -0.0135961995
0 0 11 15 -1 -1 0.0066292882 -0.4210158587
0 8 6 15 -1 1 0.0052218721 -0.5199638009
2 13 2 10 -1 1 0.0039926646 0.1668949872
0 24 1 12 -1 -1 0.0032283268 0.1014190912
1 22 1 0 -1 -1 0.0051666549 -0.0522732474
3 22 1 0 -1 1 0.0030392625 0.0023310150
2 20 6 7 -1 1 0.0035014274 -0.1032506377
0 11 1 1 -1 1 0.0070342571 -0.0688620955
0 11 1 0 -1 -1 0.0027873334 -0.0018936431
1 35 1 0 -1 -1 0.0025630060 -0.0073637865
0 15 1 17 -1 1 0.0022955018 -0.0958618671
0 28 6 5 -1 1 0.0045255506 0.2281613946
2 23 6 5 -1 -1 0.0041835415 0.0543961376
2 20 2 10 -1 -1 0.0045802216 0.0788572431
1 14 4 5 -1 1 0.0045262645 0.0928300917
0 16 11 0 -1 -1 0.0048427409 0.1057575867
0 43 1 0 -1 1 0.0018475365 0.0197295323
0 20 3 5 -1 1 0.0039053392 -0.1608793586
2 14 5 6 -1 1 0.0047569885 -0.0929566994
0 16 1 0 -1 1 0.0052933530 -0.0440927222
2 18 1 0 -1 1 0.0021396934 0.1016009226
2 20 1 0 -1 1 0.0044144494 0.0820794925
1 14 1 4 -1 -1 0.0085826246 -0.1376059353
0 15 5 16 -1 1 0.0048632189 0.0330600366
3 10 7 3 -1 1 0.0030807995 -0.0944417864
0 9 1 8 -1 -1 0.0039135604 -0.5041008592
0 9 1 0 -1 -1 0.0026100471 -0.0017663823
1 6 1 18 -1 -1 0.0047077159 0.1224133000
0 17 1 16 -1 -1 0.0036304472 0.0908712149
2 16 8 10 -1 -1 0.0033468362 0.0242667235
1 16 1 0 -1 1 0.0029256719 -0.0105594676
0 20 1 0 -1 -1 0.0040560695 0.0787702948
3 39 1 3 -1 -1 0.0020533055 0.0041494491
2 11 13 3 -1 1 0.0048188781 0.0304399133
1 39 1 2 -1 -1 0.0033568393 0.0027548419
0 44 2 0 -1 1 0.0043265913 -0.0166320894
3 42 2 0 -1 -1 0.0025666864 -0.0106545147
1 19 1 1 -1 -1 0.0041443603 -0.1197393984
2 33 7 1 -1 -1 0.0100194309 -0.2449489832
0 31 6 5 -1 1 0.0051401332 0.2687623501
2 11 1 27 -1 -1 0.0029763854 0.0750494152
2 7 5 8 -1 1 0.0029410892 0.1034912914
1 32 1 0 -1 -1 0.0026095910 -0.0015798144
3 2 2 0 -1 -1 0.0019179435 0.0019493252
2 6 9 15 -1 -1 0.0040581007 0.1080486178
0 1 13 8 -1 -1 0.0044917772 -0.2491770536
2 22 4 6 -1 -1 0.0036659876 0.0872554481
2 10 4 17 -1 1 0.0048066420 0.1154304147
0 1 5 21 -1 1 0.0051259534 -0.3306111395
0 1 19 9 -1 -1 0.0054986239 -0.1934670806
1 21 2 2 -1 -1 0.0038445150 -0.1468417943
2 12 6 5 -1 -1 0.0028706121 0.0680675730
2 20 6 4 -1 1 0.0062910030 -0.1353647560
3 19 2 10 -1 1 0.0037930072 -0.0335208699
0 13 6 18 -1 1 0.0038135843 0.0775328428
0 17 5 10 -1 1 0.0036506553 -0.0986206308
2 10 6 0 -1 -1 0.0045397370 -0.0637377501
2 13 4 27 -1 1 0.0038016897 0.1208700240
2 21 6 9 -1 1 0.0031605177 -0.0542992465
0 12 1 11 -1 1 0.0051878840 -0.3395787477
0 3 9 8 -1 -1 0.0048955334 -0.4276185334
2 4 1 6 -1 1 0.0033717637 0.0238492079
3 23 1 0 -1 1 0.0030347225 0.0020968877
3 4 1 0 -1 1 0.0018401808 -0.0036697371
0 46 1 0 -1 -1 0.0091537433 0.0921637416
1 24 1 0 -1 1 0.0050640511 0.0257371813
2 24 5 3 -1 -1 0.0033484281 0.1315386593
2 27 2 12 -1 1 0.0033727561 0.1015942544
0 27 1 0 -1 1 0.0040099723 -0.0623380840
3 6 9 5 -1 -1 0.0037233022 0.0312309377
2 28 1 0 -1 1 0.0048433277 0.0588562116
2 9 5 26 -1 -1 0.0036020882 0.0168377198
3 17 1 11 -1 1 0.0037267252 0.1510951221
0 6 4 0 -1 -1 0.0038092486 0.0106891030
3 23 1 3 -1 -1 0.0058276304 0.0750536472
1 20 1 8 -1 1 0.0037097142 0.1496206671
0 5 1 0 -1 -1 0.0014276123 0.0091533661
2 16 6 20 -1 1 0.0037284740 0.1783411205
1 21 1 5 -1 1 0.0035241861 0.1536590755
2 30 2 2 -1 1 0.0040710084 0.0575694442
2 12 2 16 -1 1 0.0051779919 0.0707034469
0 1 15 1 -1 1 0.0048611630 -0.4835614860
2 7 8 8 -1 -1 0.0031016888 0.0106891030
1 4 9 5 -1 1 0.0058433455 0.3169634640
0 13 7 9 -1 1 0.0036186632 -0.0939055085
1 0 2 7 -1 1 0.0027228489 -0.2586159110
2 33 1 4 -1 1 0.0069053047 0.1019127667
2 14 4 16 -1 -1 0.0033159626 0.0697795600
1 7 4 0 -1 -1 0.0045886789 -0.0753736496
3 19 2 0 -1 1 0.0038118395 0.0201848131
0 14 6 13 -1 -1 0.0037205298 0.1558719277
1 30 6 0 -1 -1 0.0034766139 -0.0980092660
2 16 4 20 -1 1 0.0041874209 0.0897084400
0 30 1 6 -1 1 0.0042601125 0.1779693663
2 27 3 5 -1 -1 0.0033170388 0.2030477226
3 14 6 7 -1 1 0.0042793103 -0.0355162397
0 20 7 13 -1 -1 0.0032200129 0.2420532256
2 7 1 6 -1 -1 0.0043814387 -0.1601105034
3 11 6 8 -1 -1 0.0028707979 0.0672181696
2 26 3 15 -1 1 0.0042518517 0.0767934322
1 10 1 13 -1 -1 0.0041335691 0.0184565838
2 21 1 7 -1 -1 0.0040596323 -0.1355744004
2 20 7 10 -1 1 0.0031966646 -0.0218853261
0 7 8 21 -1 1 0.0055263811 -0.0415972210
3 7 4 11 -1 -1 0.0030019919 -0.0860980079
0 40 1 2 -1 1 0.0024657163 0.0220022276
2 22 1 8 -1 -1 0.0030366667 -0.1097800136
0 25 1 8 -1 1 0.0043592975 -0.1221798137
0 36 2 8 -1 -1 0.0077299722 -0.1191763580
2 12 14 8 -1 1 0.0016592528 0.0338858366
0 27 1 9 -1 -1 0.0036084375 0.0394590646
1 10 1 0 -1 1 0.0021319534 -0.0054249726
2 14 1 0 -1 1 0.0033383796 -0.0455050543
2 46 1 0 -1 1 0.0025224627 0.0021810899
0 36 1 3 -1 1 0.0043044016 -0.0469669104
3 30 4 3 -1 1 0.0039283405 0.0221646577
2 10 3 11 -1 1 0.0035017531 0.1290910393
2 26 1 8 -1 1 0.0028161586 0.1730662584
3 29 3 2 -1 1 0.0041882568 -0.3113117218
3 3 3 8 -1 1 0.0042281402 0.1877752095
1 17 10 0 -1 -1 0.0052004373 0.0499236137
0 8 6 22 -1 -1 0.0051960698 -0.1112506986
0 25 1 0 -1 1 0.0037058475 -0.0361781381
1 19 1 0 -1 -1 0.0035539181 -0.0417458825
1 16 2 8 -1 1 0.0034371682 0.0890544951
2 6 3 2 -1 1 0.0024412712 0.0060213078
2 2 1 3 -1 1 0.0026778392 -0.0644614547
2 2 1 12 -1 -1 0.0030760174 -0.0255982913
0 13 1 0 -1 1 0.0028954565 -0.0433997735
2 9 11 6 -1 -1 0.0034550044 0.0927771777
1 9 1 9 -1 1 0.0035776733 0.3044466376
2 3 11 9 -1 1 0.0026313832 -0.0147678722
0 16 7 3 -1 -1 0.0023758479 0.0793254077
0 0 1 27 -1 1 0.0032728165 -0.4784524441
1 0 1 10 -1 1 0.0029785025 -0.1084529757
1 26 1 2 -1 1 0.0036786557 0.2747798562
0 24 2 2 -1 -1 0.0043536895 -0.1362373680
3 29 1 2 -1 1 0.0029022933 -0.0491664335
3 12 4 3 -1 1 0.0044263904 0.0516876504
1 19 1 3 -1 -1 0.0042725387 -0.1487797797
2 5 10 23 -1 1 0.0039474382 -0.0070609944
2 21 3 3 -1 1 0.0030750586 -0.3724772036
2 35 4 5 -1 -1 0.0034069808 -0.0412137136
2 4 2 29 -1 -1 0.0034885383 0.0572180748
2 10 1 27 -1 -1 0.0044049830 0.1499185562
2 7 2 0 -1 -1 0.0017015805 -0.0123643018
0 2 17 5 -1 1 0.0040634181 -0.3133396506
0 44 1 0 -1 1 0.0029321748 0.0043956256
0 15 11 10 -1 1 0.0043399758 0.2860227227
0 16 7 14 -1 -1 0.0038251691 0.2899580002
0 11 1 17 -1 -1 0.0028378828 -0.5444642305
3 27 2 4 -1 1 0.0031688854 -0.2940912247
0 25 1 13 -1 -1 0.0032203651 0.1361028850
3 41 1 1 -1 -1 0.0032759684 0.0383974351
0 43 2 1 -1 -1 0.0029227990 0.0345872641
3 9 10 4 -1 1 0.0029871434 -0.0582477823
0 7 1 35 -1 -1 0.0047892299 0.0099261086
1 33 1 0 -1 -1 0.0016688624 -0.0085166823
0 5 1 35 -1 1 0.0033578549 -0.0316957980
2 8 5 30 -1 1 0.0033761547 0.0978785604
2 32 3 10 -1 1 0.0028248061 -0.2683799267
2 4 16 6 -1 1 0.0036058358 0.0416927114
2 27 1 4 -1 1 0.0041996962 0.6837170720
2 18 7 8 -1 1 0.0037980720 -0.1045247018
2 9 2 26 -1 -1 0.0024949871 0.0037315511
2 38 1 0 -1 -1 0.0020792068 0.0066445917
2 40 1 2 -1 -1 0.0022716196 -0.0150564853
2 10 13 12 -1 -1 0.0027529092 0.1151347756
3 43 1 1 -1 -1 0.0018047516 0.0050314544
2 8 5 15 -1 -1 0.0034250414 -0.0794257075
2 2 10 7 -1 1 0.0024955224 -0.0140792904
2 6 8 6 -1 -1 0.0033896388 0.0507160947
1 2 6 12 -1 1 0.0031496093 0.3276823759
2 10 4 20 -1 1 0.0032668086 0.0921519250
2 15 6 5 -1 1 0.0037437361 -0.0610292554
0 9 1 12 -1 1 0.0032381299 -0.1258069873
2 15 6 10 -1 1 0.0025543659 0.2296652496
2 24 1 9 -1 -1 0.0024923526 -0.1216441542
0 26 2 13 -1 -1 0.0028033219 0.0852965564
2 13 4 21 -1 -1 0.0025811316 0.0295576733
2 23 5 8 -1 1 0.0033336151 -0.1239883006
2 29 5 9 -1 1 0.0042377003 -0.2558723688
2 7 1 39 -1 1 0.0020971466 0.0198216252
2 12 3 13 -1 1 0.0031852291 0.1244712174
0 25 3 0 -1 -1 0.0035996470 -0.1243055686
2 11 2 33 -1 -1 0.0020518820 0.0041841739

#### New layer start
256 -0.0386476405
2 12 9 10 -1 1 0.0004584274 0.2180592716
3 6 5 10 -1 -1 0.0006315175 -0.0813472271
3 22 8 0 -1 -1 0.0026978566 -0.0715081543
2 11 8 15 -1 1 0.0045862412 0.2827242017
0 0 3 41 -1 -1 0.0093994280 0.0707416683
2 21 1 1 -1 1 0.0043963669 0.1425187588
2 21 3 1 -1 -1 0.0032388018 -0.3630183339
1 3 11 0 -1 1 0.0039135930 0.0603940636
1 22 2 2 -1 -1 0.0039396938 -0.3224819005
0 5 10 23 -1 1 0.0056518209 -0.0586072206
0 13 2 19 -1 -1 0.0053104046 0.1026402935
1 23 3 6 -1 -1 0.0037575986 0.0271756053
2 5 5 16 -1 -1 0.0020351936 -0.0674849451
0 0 2 28 -1 -1 0.0053298478 -0.8859172463
0 15 1 0 -1 1 0.0059706131 -0.0311318785
1 15 2 0 -1 1 0.0056930608 0.0589475259
3 3 1 10 -1 1 0.0026626831 0.1139064804
0 5 3 1 -1 -1 0.0043506203 0.0105541637
2 2 1 7 -1 1 0.0019883066 -0.0071175275
0 30 3 4 -1 1 0.0062017441 0.2466787100
3 17 7 0 -1 -1 0.0041822451 0.0235551968
2 17 7 9 -1 -1 0.0038338264 0.0850220472
0 14 1 10 -1 -1 0.0042557451 0.0605808124
0 8 1 14 -1 1 0.0038429829 -0.2980532348
2 12 1 11 -1 1 0.0042467760 0.3104355931
3 23 1 0 -1 1 0.0031626967 0.0404103547
0 13 12 2 -1 -1 0.0055369129 0.1135008782
2 28 7 4 -1 -1 0.0035046733 -0.0037103179
0 41 3 0 -1 1 0.0046140933 -0.0219612345
2 25 1 7 -1 -1 0.0025765006 0.0118347341
2 12 13 4 -1 1 0.0043546269 0.0330701768
0 36 1 10 -1 -1 0.0063385442 -0.2503369451
3 26 1 0 -1 -1 0.0044998662 -0.0494088717
2 10 4 7 -1 1 0.0032924651 0.2039906681
0 12 1 32 -1 -1 0.0033998331 0.0313927829
0 31 2 8 -1 1 0.0057471273 0.3592070937
2 26 1 12 -1 1 0.0043791700 0.2225259691
3 7 7 6 -1 -1 0.0040900768 0.0087022055
0 3 1 1 -1 -1 0.0026433601 -0.0208769180
0 0 5 21 -1 1 0.0066076326 -0.3588562310
1 15 1 0 -1 1 0.0028740210 -0.0046189623
2 10 7 5 -1 -1 0.0017580988 0.0897789150
0 0 9 4 -1 -1 0.0033627937 -0.3846451044
1 19 1 0 -1 1 0.0023404921 0.0139762470
0 0 1 42 -1 1 0.0050827214 -0.0308960155
0 45 1 1 -1 1 0.0038954839 -0.0071301474
0 26 1 3 -1 -1 0.0059250421 -0.2030662596
0 26 3 2 -1 1 0.0037718355 0.1458704174
2 4 6 32 -1 -1 0.0020078965 0.0190316401
1 17 2 2 -1 -1 0.0060853218 -0.2499652803
0 18 7 3 -1 1 0.0050151567 -0.0201403759
1 33 2 1 -1 -1 0.0042930082 -0.0651461780
1 20 1 8 -1 1 0.0049462123 0.0813029706
2 11 4 22 -1 -1 0.0057148989 0.0394590646
2 22 2 7 -1 -1 0.0025928130 0.0191987194
2 10 8 7 -1 1 0.0049945889 -0.0134763084
3 26 4 4 -1 1 0.0052903770 -0.0069204979
2 20 7 8 -1 1 0.0032030006 -0.0394266583
0 25 2 13 -1 -1 0.0036391439 0.0933900476
1 37 1 2 -1 -1 0.0035006490 0.0038095377
0 4 1 1 -1 -1 0.0034139464 0.0076190755
1 0 3 0 -1 1 0.0031987198 -0.0053026965
0 6 2 0 -1 -1 0.0036332426 -0.0111317644
0 20 1 1 -1 -1 0.0050106184 0.1170951426
0 39 2 0 -1 1 0.0022839201 -0.0043041697
3 42 2 0 -1 -1 0.0020301980 0.0088910852
0 7 11 7 -1 1 0.0043655797 -0.4032758176
0 12 1 6 -1 -1 0.0051223184 -0.3729160726
0 10 1 1 -1 -1 0.0028868278 0.0106195025
1 16 1 2 -1 -1 0.0066387784 -0.1162992567
1 0 1 0 -1 1 0.0021598444 0.0014450988
2 31 1 0 -1 1 0.0040601022 0.1048003063
0 13 1 1 -1 1 0.0052875360 -0.0544331074
3 31 1 0 -1 1 0.0022615558 0.0124040199
0 0 11 19 -1 -1 0.0036627459 -0.4353134036
2 12 1 27 -1 -1 0.0046020607 0.0684571043
2 27 1 12 -1 1 0.0037342177 0.2051760554
3 28 1 6 -1 1 0.0033213715 -0.1615491807
0 28 5 1 -1 1 0.0049220924 0.1397660822
2 22 6 5 -1 -1 0.0052280040 0.0461423993
3 7 5 7 -1 -1 0.0064512850 -0.0151218185
0 11 8 0 -1 -1 0.0026673193 -0.2420734316
2 13 6 5 -1 -1 0.0051144958 0.0903464854
3 14 5 6 -1 -1 0.0052540391 0.1425807476
2 2 1 5 -1 1 0.0034425936 0.0192928053
0 8 1 15 -1 1 0.0041694944 -0.0933956355
0 4 9 23 -1 -1 0.0061281086 -0.1244677305
1 10 1 13 -1 1 0.0053443350 -0.2313660979
2 24 1 0 -1 1 0.0079251928 0.0516954027
1 31 2 0 -1 1 0.0063924659 0.0918585360
0 17 1 0 -1 1 0.0052279513 -0.0494370535
2 19 1 0 -1 1 0.0040557841 0.0241315272
1 15 3 1 -1 1 0.0030413200 0.2569652796
2 5 1 3 -1 1 0.0035362865 -0.0094118174
0 0 2 3 -1 1 0.0041551394 -0.0164722111
2 14 6 7 -1 -1 0.0037232775 0.0444165282
1 1 1 1 -1 1 0.0033457091 0.0072028916
1 18 4 0 -1 -1 0.0054563214 -0.1291050911
2 14 10 3 -1 1 0.0045814426 0.0514071509
0 3 11 19 -1 -1 0.0073679406 0.0545202047
0 13 12 11 -1 1 0.0070597106 0.2995067239
0 14 11 9 -1 1 0.0048358110 -0.0024082935
2 3 19 6 -1 -1 0.0032585831 0.0570035763
1 43 1 0 -1 1 0.0027638627 -0.0045801634
0 25 4 15 -1 1 0.0040406841 0.0246056877
0 8 1 0 -1 -1 0.0015010142 -0.0009140768
1 14 1 0 -1 1 0.0030830144 0.0014145658
2 20 1 18 -1 1 0.0030451934 -0.0314713009
0 0 8 30 -1 -1 0.0062379199 -0.4082179368
2 20 2 7 -1 -1 0.0038951028 0.0176263452
0 28 2 2 -1 1 0.0061148140 0.0501479320
3 25 1 2 -1 -1 0.0033905644 0.0219612345
2 27 3 9 -1 1 0.0033386850 0.0791817680
0 0 1 13 -1 1 0.0049178679 0.0774001554
1 13 1 0 -1 1 0.0025425926 -0.0038986504
1 6 1 18 -1 -1 0.0031005451 0.1033958644
0 15 9 1 -1 -1 0.0070778769 0.1485327780
0 13 8 7 -1 1 0.0042047957 -0.0356159955
1 35 1 2 -1 -1 0.0036517754 0.0033558561
3 29 3 5 -1 1 0.0033563804 0.0877372026
2 40 2 4 -1 -1 0.0014552325 -0.0108932983
2 33 7 0 -1 -1 0.0076901861 -0.2456383407
3 41 1 1 -1 -1 0.0027770803 0.0441792943
2 16 5 3 -1 1 0.0060464526 0.0288536660
0 7 1 14 -1 1 0.0053491886 -0.1961700618
2 13 10 5 -1 1 0.0049713207 0.0562731475
0 4 7 9 -1 -1 0.0057816585 -0.3544235229
2 3 2 7 -1 1 0.0031197304 0.0097154807
2 2 2 0 -1 1 0.0035350018 -0.0334264450
3 21 1 0 -1 1 0.0023850973 0.0006426735
3 6 13 1 -1 1 0.0035104554 -0.0545171425
2 16 8 10 -1 -1 0.0038631686 0.0242627896
2 33 3 2 -1 1 0.0072420877 0.1135277152
0 30 1 10 -1 1 0.0046943696 0.2136337310
2 5 10 16 -1 -1 0.0023959831 0.1098538190
3 9 4 9 -1 -1 0.0030861874 -0.0620108843
1 24 4 0 -1 1 0.0034892284 0.1579973996
2 7 1 24 -1 -1 0.0056351819 0.1347768456
3 3 3 0 -1 1 0.0023550948 0.0046771448
2 3 15 7 -1 1 0.0047312025 0.0263762623
0 16 1 16 -1 -1 0.0040777810 0.0808422044
2 2 1 44 -1 -1 0.0020376372 0.0595016815
3 15 3 0 -1 -1 0.0052795974 -0.1118571237
2 12 6 20 -1 -1 0.0046091345 0.2100611925
0 24 1 16 -1 -1 0.0052484106 0.1400934607
2 10 4 16 -1 1 0.0047961250 0.1492671520
1 21 2 2 -1 -1 0.0049216417 -0.1290509999
2 20 3 7 -1 -1 0.0040335241 0.0017825821
2 25 2 12 -1 1 0.0029811847 -0.0168856848
0 17 3 18 -1 -1 0.0051089646 0.4788663387
0 16 10 12 -1 -1 0.0090873754 -0.2373375595
0 17 8 6 -1 1 0.0057399808 -0.1634094715
0 0 11 15 -1 -1 0.0045754551 -0.4210510254
2 16 5 5 -1 -1 0.0040744590 0.0816784054
1 8 10 2 -1 1 0.0055972990 0.3533532023
0 26 1 9 -1 -1 0.0028173337 0.0373027027
2 11 1 23 -1 1 0.0029247622 0.0288635120
2 3 1 0 -1 -1 0.0027280978 0.0089087300
2 33 1 13 -1 1 0.0026623523 -0.2988155186
3 18 9 0 -1 -1 0.0042032180 0.0317680798
1 6 2 3 -1 -1 0.0043892548 -0.1368485987
2 6 7 28 -1 1 0.0041677793 0.0694351792
3 3 1 7 -1 -1 0.0032596099 0.0766608566
0 11 7 11 -1 1 0.0048369272 -0.0918475240
0 13 4 12 -1 -1 0.0049513071 0.0035462775
0 6 4 0 -1 -1 0.0043304786 0.0089898668
0 28 1 0 -1 1 0.0046532741 -0.0689272061
3 19 2 9 -1 1 0.0021562895 0.0886810720
2 30 1 0 -1 1 0.0030918545 0.0849836618
1 23 2 1 -1 1 0.0058429488 0.1504935622
0 9 2 14 -1 1 0.0025950873 -0.2306758761
0 13 1 15 -1 -1 0.0040544225 -0.6096725464
2 23 4 4 -1 -1 0.0031980064 0.0819499940
0 0 6 22 -1 1 0.0051068449 -0.3467618227
2 9 8 19 -1 1 0.0075790305 0.2589648068
0 33 4 1 -1 1 0.0040573892 -0.0084974747
0 0 15 7 -1 -1 0.0047174054 -0.2346369326
2 19 10 5 -1 -1 0.0031180368 0.0485531427
0 10 2 34 -1 -1 0.0037200965 0.0153677464
3 10 6 5 -1 1 0.0029202465 -0.0963449329
2 23 1 0 -1 -1 0.0037800185 -0.1731526405
2 10 8 11 -1 -1 0.0028703199 0.0732013136
2 46 1 0 -1 1 0.0012130055 -0.0090499595
2 2 11 1 -1 1 0.0035352726 -0.0631409585
1 13 1 8 -1 1 0.0040791491 0.1459729671
1 17 2 7 -1 1 0.0037562386 0.1029861197
3 25 1 0 -1 -1 0.0030255511 -0.0558669791
0 0 24 0 -1 1 0.0058077057 -0.3388661742
0 43 1 2 -1 1 0.0029100929 -0.0094118174
3 33 2 1 -1 1 0.0024866005 0.0493525825
2 3 13 6 -1 -1 0.0018606987 0.0334348641
2 8 16 8 -1 -1 0.0030043828 0.0968707874
0 5 9 21 -1 1 0.0038000741 -0.0585213490
2 13 1 7 -1 1 0.0028886953 0.3407739699
0 34 1 4 -1 1 0.0045003532 0.1867399365
0 10 1 0 -1 -1 0.0021285710 -0.0017582513
2 20 2 0 -1 1 0.0041190358 0.0729627609
3 22 1 0 -1 1 0.0018800236 -0.0035336129
3 20 7 0 -1 -1 0.0040808967 0.0342774577
1 25 1 4 -1 1 0.0030715556 0.4226497412
2 13 7 11 -1 -1 0.0028153749 0.2056854218
2 13 6 7 -1 1 0.0047678044 -0.0854485780
3 4 1 0 -1 1 0.0020665890 -0.0035650737
2 33 2 7 -1 -1 0.0028213402 -0.0123789031
1 11 1 8 -1 -1 0.0062182182 -0.2067816108
2 14 1 17 -1 -1 0.0036434599 0.3644256592
3 7 1 1 -1 1 0.0031975608 -0.0507095456
2 23 1 7 -1 -1 0.0034529313 0.0616025701
1 4 1 0 -1 -1 0.0018253786 -0.0009468215
2 3 3 25 -1 1 0.0033917674 0.1433512568
1 15 1 3 -1 1 0.0032597717 0.2994475067
2 17 6 8 -1 -1 0.0046338639 0.0523710325
2 18 7 6 -1 1 0.0038796768 -0.0512413941
2 9 4 30 -1 -1 0.0026764213 0.0243325718
0 11 1 12 -1 1 0.0039048304 -0.1533090025
3 2 8 4 -1 1 0.0036769649 0.0562706962
0 21 1 0 -1 -1 0.0032866744 0.0919134021
2 5 9 13 -1 -1 0.0025406010 0.0126897860
3 39 2 1 -1 -1 0.0026832118 -0.0210348517
2 7 10 21 -1 1 0.0038197804 0.0495626256
3 36 2 0 -1 1 0.0019722872 -0.0173439234
1 12 1 0 -1 1 0.0015118084 -0.0036900872
0 17 1 13 -1 1 0.0026277124 -0.0932505205
0 13 2 30 -1 -1 0.0037283774 -0.1653535962
2 18 9 12 -1 1 0.0031158589 -0.0809761733
2 16 4 4 -1 -1 0.0034618531 0.2022916675
2 7 1 6 -1 1 0.0026530810 0.0291464403
2 17 4 8 -1 -1 0.0038982136 0.0572128072
2 40 1 2 -1 -1 0.0021862937 -0.0217786562
3 30 4 0 -1 1 0.0035514408 0.0130857937
0 40 2 1 -1 1 0.0025520183 -0.0152306464
0 31 1 6 -1 1 0.0038907363 0.1650688052
2 19 1 2 -1 1 0.0037744495 0.0986476690
2 4 4 1 -1 1 0.0023599900 -0.0015015150
2 9 2 25 -1 -1 0.0027851802 0.0472766981
0 8 1 1 -1 -1 0.0028155278 -0.0202740245
2 11 1 0 -1 -1 0.0015300120 0.0070796683
0 16 13 0 -1 -1 0.0032496168 0.0874022469
1 14 1 2 -1 -1 0.0039229249 -0.1056624278
0 11 1 6 -1 -1 0.0033327572 -0.5224440098
0 11 2 19 -1 1 0.0036909932 -0.6145542264
2 15 1 29 -1 1 0.0030718537 -0.0356349200
3 11 1 2 -1 -1 0.0026494891 -0.0684526563
3 43 1 0 -1 -1 0.0017372200 -0.0012225232
0 2 15 1 -1 1 0.0041150660 -0.4758743346
3 2 2 9 -1 1 0.0028729201 0.1638616472
1 0 10 9 -1 1 0.0041402085 0.4057664871
2 34 4 6 -1 -1 0.0027277272 -0.0556284338
1 20 1 5 -1 -1 0.0033737870 -0.3837000132
3 17 8 3 -1 -1 0.0048294561 0.0882542431
2 14 11 3 -1 1 0.0036594030 0.0563751459
3 3 1 0 -1 -1 0.0012957822 0.0036697371
2 21 1 9 -1 -1 0.0027070723 -0.2169627994
2 22 4 6 -1 -1 0.0024061974 0.0387411974
2 9 15 5 -1 -1 0.0030861287 0.1087748706
0 28 10 0 -1 1 0.0027540473 0.2610085011

#### New layer start
256 -0.0259524547
2 12 9 10 -1 1 0.0020934048 0.2180592716
0 4 3 2 -1 -1 0.0032684237 0.0190267339
2 12 1 11 -1 1 0.0044946554 0.2692955136
0 27 3 3 -1 1 0.0067127980 0.2331541330
0 18 1 4 -1 1 0.0034976129 0.4013523459
0 13 2 18 -1 -1 0.0031815686 0.0760551766
2 9 10 14 -1 1 0.0068412120 0.2515856624
0 36 2 2 -1 -1 0.0013231259 0.0463746861
2 15 1 0 -1 1 0.0029617175 -0.0340667292
0 14 2 4 -1 -1 0.0057193879 -0.2671727538
2 6 4 17 -1 -1 0.0034538677 -0.1313162893
2 25 2 10 -1 1 0.0048986827 0.1387513876
2 9 8 6 -1 1 0.0062942575 -0.0415972210
2 26 1 6 -1 -1 0.0043874993 0.0574856326
0 0 3 1 -1 -1 0.0023236973 0.0100968024
0 34 1 9 -1 -1 0.0067974743 -0.3468105197
0 23 6 13 -1 1 0.0050711306 0.0294749998
0 2 3 40 -1 -1 0.0064133909 0.0692811608
0 8 1 15 -1 1 0.0027472214 -0.2986719012
3 25 1 1 -1 -1 0.0049036467 -0.1511911452
1 24 1 0 -1 -1 0.0035012022 -0.0494474992
2 22 10 0 -1 1 0.0031841365 0.0600277856
0 42 2 2 -1 1 0.0049807429 -0.0201859362
2 4 4 36 -1 -1 0.0022078585 0.0080386680
0 4 1 2 -1 -1 0.0049894494 -0.0196353830
2 22 2 0 -1 -1 0.0056490158 -0.2626081109
3 7 7 6 -1 -1 0.0031292795 0.0072976756
0 4 1 38 -1 1 0.0045637758 -0.0305839013
0 19 1 8 -1 -1 0.0042289835 0.0945413932
2 31 2 1 -1 1 0.0054016691 0.0640277863
2 24 6 4 -1 -1 0.0047504827 0.1123813242
1 2 11 2 -1 1 0.0027918841 0.1329377145
2 10 7 5 -1 -1 0.0036221377 0.0887738466
1 2 1 6 -1 -1 0.0051113162 -0.0968060642
1 9 1 16 -1 -1 0.0028336148 0.1113888919
0 17 1 16 -1 -1 0.0024715925 0.0439374819
1 25 1 8 -1 -1 0.0046139420 0.0554417111
0 0 15 15 -1 -1 0.0060984604 -0.2732317448
0 17 1 20 -1 1 0.0029939488 0.2386535406
2 7 11 6 -1 -1 0.0041568517 0.0836021900
2 13 2 10 -1 1 0.0052904407 0.3096532226
3 5 3 1 -1 1 0.0023886836 -0.0009121310
1 12 4 9 -1 1 0.0051384154 -0.0290354695
0 5 1 17 -1 1 0.0043285573 -0.0901270136
0 41 1 1 -1 1 0.0055825999 -0.0311529506
1 38 2 0 -1 -1 0.0032811866 -0.0027248159
3 5 3 14 -1 -1 0.0049523585 -0.1875373572
2 39 1 0 -1 -1 0.0034031756 0.0082873553
1 17 2 2 -1 -1 0.0062567913 -0.2621739507
2 29 2 1 -1 1 0.0053748977 0.1302797347
3 37 1 0 -1 1 0.0023982122 0.0096256789
0 17 8 0 -1 1 0.0035051669 -0.0597871430
0 24 1 3 -1 -1 0.0040218462 -0.1685719937
0 26 1 0 -1 1 0.0058761910 -0.0365408584
1 13 6 3 -1 1 0.0070683323 0.1208590642
3 16 4 7 -1 1 0.0062689274 -0.0292273238
0 27 1 0 -1 1 0.0050889920 -0.0640797541
1 20 1 9 -1 -1 0.0063350336 -0.1283558607
1 27 1 1 -1 1 0.0061176848 0.0303448867
2 2 3 2 -1 1 0.0022666440 0.0066115884
0 36 6 0 -1 -1 0.0050280909 0.0589515790
0 7 1 0 -1 -1 0.0017043670 -0.0017637123
0 0 1 2 -1 1 0.0022948317 -0.0066007320
0 8 2 29 -1 -1 0.0048562139 0.0159619171
2 2 1 8 -1 1 0.0036926477 0.0285912715
0 18 2 23 -1 1 0.0029127800 0.2727943063
0 1 1 10 -1 -1 0.0051827156 -0.1882199943
0 11 1 0 -1 1 0.0048245545 -0.0327570774
1 11 1 1 -1 1 0.0035949084 -0.0213782061
2 2 10 12 -1 -1 0.0040011061 0.0123472242
2 17 1 0 -1 1 0.0035320171 -0.0094788857
3 17 1 5 -1 1 0.0039795432 -0.4331098199
0 46 1 0 -1 1 0.0040300866 0.0029071979
2 35 2 2 -1 1 0.0081688846 0.1467029154
0 29 3 4 -1 1 0.0056519215 0.1502270103
1 11 1 0 -1 1 0.0041436744 -0.0036697371
2 24 1 0 -1 -1 0.0067435759 -0.1746802330
3 3 2 9 -1 1 0.0036038710 0.0686918050
2 21 2 7 -1 -1 0.0050471961 -0.0217918959
0 20 1 0 -1 -1 0.0068735066 0.0637330711
2 28 1 1 -1 1 0.0059156707 0.0588562116
1 12 1 11 -1 1 0.0070949327 -0.1684142053
2 3 1 43 -1 -1 0.0036989879 0.0699650347
2 18 1 2 -1 1 0.0045110011 0.1731614470
3 16 1 1 -1 -1 0.0030789194 -0.0750939846
1 19 1 1 -1 1 0.0051276269 0.0494747013
2 9 1 13 -1 -1 0.0017732249 0.0641346201
0 8 11 7 -1 1 0.0045376020 -0.3446785808
2 9 3 9 -1 1 0.0052492870 0.1632993221
3 28 5 2 -1 -1 0.0046866145 -0.3322781026
0 16 1 16 -1 -1 0.0039513800 0.0944250226
2 11 1 27 -1 -1 0.0047742804 0.0856586993
0 35 2 9 -1 1 0.0073117288 0.2667530179
1 5 1 19 -1 -1 0.0039836774 0.1103796214
2 6 10 8 -1 1 0.0041612755 -0.0141101060
2 20 7 12 -1 1 0.0028390181 -0.1283407807
3 45 1 0 -1 -1 0.0038823544 0.0220486969
3 22 1 0 -1 1 0.0023273244 0.0007204611
0 18 5 8 -1 -1 0.0057232725 0.2807700336
1 11 1 3 -1 -1 0.0070216502 -0.1645153165
3 3 15 0 -1 -1 0.0028221160 0.0174902156
1 18 2 10 -1 1 0.0035977736 0.2137919664
0 3 3 22 -1 1 0.0024822128 -0.3437268734
0 0 14 9 -1 -1 0.0046788203 -0.2567294836
3 33 1 0 -1 1 0.0032380989 0.0123686753
2 2 1 2 -1 1 0.0012221218 -0.0081799924
0 30 3 12 -1 -1 0.0050609452 0.5831234455
3 35 1 1 -1 1 0.0020718200 0.0400803238
0 1 1 35 -1 1 0.0019788009 -0.0611677989
0 1 11 11 -1 -1 0.0041705193 -0.5483602285
1 19 9 1 -1 -1 0.0046896343 0.0577228740
2 15 5 8 -1 -1 0.0071178251 0.0759234056
2 15 6 5 -1 1 0.0046428153 -0.0551753417
2 15 3 15 -1 -1 0.0046152947 0.0599760190
0 41 1 0 -1 1 0.0030953714 0.0198840238
2 3 1 6 -1 1 0.0042397580 0.0194624830
0 9 1 0 -1 -1 0.0027224456 -0.0028011424
0 35 1 2 -1 1 0.0030858677 -0.0214087311
2 19 5 8 -1 -1 0.0045007989 0.0839223340
3 5 1 0 -1 1 0.0017268155 -0.0041522514
2 24 1 6 -1 -1 0.0034077354 0.1378701031
1 33 1 0 -1 -1 0.0024494259 -0.0009554999
0 33 1 0 -1 -1 0.0047928519 0.0412178077
2 12 9 16 -1 -1 0.0033274130 0.1124147475
0 11 1 7 -1 -1 0.0050682547 -0.5206044912
2 2 5 35 -1 -1 0.0047488278 0.0173691213
2 2 5 26 -1 1 0.0032340416 0.1038397551
2 5 10 12 -1 -1 0.0060815932 0.0754167736
2 11 4 14 -1 1 0.0050215451 0.1340311021
0 29 1 5 -1 1 0.0050945492 0.1988470256
1 17 1 0 -1 1 0.0026411840 0.0016920522
2 9 5 28 -1 1 0.0040392443 0.0034463604
2 6 4 1 -1 1 0.0040911348 -0.0020408502
0 15 8 2 -1 -1 0.0054434608 0.0933821499
0 12 9 6 -1 1 0.0032125851 -0.0147913741
0 14 10 6 -1 -1 0.0045660869 0.0362409465
2 2 1 9 -1 -1 0.0033409589 -0.0145279299
2 3 19 6 -1 1 0.0054033934 0.0991598666
0 16 1 0 -1 1 0.0038477841 -0.0461324826
2 12 1 1 -1 -1 0.0031153597 0.0107334871
2 5 4 6 -1 -1 0.0024808019 -0.1175106913
1 2 1 0 -1 -1 0.0022600063 0.0060852179
1 15 1 3 -1 -1 0.0071706530 -0.2243750095
2 20 1 0 -1 1 0.0039917338 0.0280464701
2 4 2 1 -1 -1 0.0039355950 0.0581190623
1 7 1 0 -1 -1 0.0018459321 -0.0008898514
1 0 1 5 -1 1 0.0030092495 -0.0039526308
0 7 2 30 -1 1 0.0051411064 -0.2133100331
2 13 2 24 -1 -1 0.0038067703 -0.0131761702
1 25 1 1 -1 1 0.0067277369 0.0398516431
3 22 1 4 -1 -1 0.0043088351 0.3248711228
0 14 9 13 -1 -1 0.0047363867 0.2668084502
0 31 2 8 -1 1 0.0067333081 0.4288018644
0 0 1 9 -1 1 0.0021340067 -0.0063492702
2 46 1 0 -1 1 0.0043240166 -0.0608220771
1 43 1 1 -1 -1 0.0019979335 0.0197295323
3 2 1 3 -1 -1 0.0024467090 -0.0134078385
2 2 3 24 -1 -1 0.0028136265 -0.0377892330
2 4 1 41 -1 1 0.0034375770 0.0205517523
3 39 1 2 -1 -1 0.0031312236 0.0043732151
1 41 1 0 -1 1 0.0013424316 -0.0031796582
3 22 1 1 -1 1 0.0035411343 0.0374415889
0 21 1 0 -1 -1 0.0033997737 0.0703871399
3 12 3 0 -1 -1 0.0025611424 -0.0826580301
0 13 3 15 -1 1 0.0045599667 -0.4932553768
0 44 1 2 -1 -1 0.0050458526 0.0472162627
3 34 1 0 -1 -1 0.0013340187 0.0050933929
0 9 1 5 -1 -1 0.0020986889 0.0081634009
2 12 2 27 -1 -1 0.0035139823 0.0380275883
0 25 1 14 -1 -1 0.0041837082 0.1152425781
3 11 5 2 -1 1 0.0059713190 0.1171964407
3 24 2 7 -1 -1 0.0036683809 -0.2506250143
2 19 3 6 -1 -1 0.0043513845 0.0751930997
3 27 2 4 -1 1 0.0037210719 -0.2822275162
2 14 6 22 -1 1 0.0035186827 0.0771981329
3 7 1 0 -1 1 0.0019265780 0.0060790833
3 42 1 1 -1 -1 0.0022560509 -0.0117746089
0 39 2 0 -1 1 0.0046718600 -0.0317063481
2 38 1 5 -1 -1 0.0040235198 -0.0842739344
1 26 1 2 -1 1 0.0043291063 0.3029098213
0 10 1 0 -1 -1 0.0029580644 -0.0018809934
2 23 2 7 -1 -1 0.0039883293 0.0303598493
2 20 1 5 -1 -1 0.0048219194 0.1682930291
2 4 1 21 -1 1 0.0026429668 -0.0340024084
1 22 7 2 -1 -1 0.0067617912 0.2170535922
2 12 1 0 -1 -1 0.0020718887 -0.0027856017
0 14 11 3 -1 1 0.0039982800 0.0273447409
0 32 1 6 -1 1 0.0049594119 0.1808421910
3 29 5 2 -1 1 0.0050226911 0.0078278184
2 27 3 9 -1 1 0.0013950182 0.1015942544
3 19 5 6 -1 1 0.0041052261 -0.0654128939
3 10 3 9 -1 -1 0.0035415590 -0.1373541653
0 39 1 7 -1 -1 0.0052673607 -0.1136048883
2 42 1 4 -1 1 0.0036968645 0.0192616880
1 13 1 0 -1 1 0.0018622184 -0.0038986504
3 5 1 8 -1 -1 0.0033975840 0.1126520187
0 13 1 21 -1 1 0.0039145160 -0.0537412241
2 10 2 21 -1 1 0.0025825379 0.0297125969
2 12 2 31 -1 1 0.0039805351 0.0285912715
2 11 2 32 -1 -1 0.0030839497 0.0037244076
2 7 9 11 -1 -1 0.0039792061 0.0187691823
2 4 13 10 -1 1 0.0034836449 0.0467915684
3 9 3 0 -1 -1 0.0035757525 -0.0397329107
0 3 5 10 -1 1 0.0047066738 -0.7480810285
1 9 1 10 -1 1 0.0037752220 0.3358383775
0 0 3 37 -1 -1 0.0055041392 -0.4520810843
1 0 1 0 -1 1 0.0021392209 -0.0048939772
1 1 1 0 -1 1 0.0013626873 0.0020876918
0 0 1 28 -1 1 0.0036717711 -0.4253607392
3 3 1 4 -1 -1 0.0018771136 -0.0202740245
2 6 17 3 -1 1 0.0046544117 0.0543082729
2 23 8 7 -1 1 0.0024317517 0.0519231744
0 6 2 26 -1 1 0.0043712705 -0.5267064571
2 18 2 15 -1 -1 0.0027923780 0.0478945002
2 16 5 2 -1 1 0.0061341962 0.0516760312
3 18 1 4 -1 1 0.0031610313 -0.3935047984
1 9 7 1 -1 -1 0.0039925170 0.1824558079
2 23 3 0 -1 -1 0.0034889700 -0.1470144391
0 32 1 8 -1 1 0.0037796539 0.0290558599
1 6 1 16 -1 -1 0.0031907719 0.0959357768
3 3 4 15 -1 -1 0.0027178156 -0.2382871509
2 8 8 4 -1 -1 0.0036474867 0.1492701173
2 10 4 23 -1 -1 0.0028347701 0.0411643684
2 4 5 2 -1 -1 0.0033224653 -0.0998622626
0 14 5 17 -1 1 0.0033705416 -0.0051474366
3 22 4 0 -1 1 0.0030335875 0.2964087427
2 4 10 15 -1 -1 0.0031707082 0.0047074840
2 6 13 6 -1 1 0.0034425189 0.0240548141
0 22 1 0 -1 -1 0.0025181484 0.0681410879
0 15 11 11 -1 1 0.0064475364 0.2982702255
2 12 3 8 -1 1 0.0031081920 0.1894590855
0 14 13 8 -1 -1 0.0052977190 0.3768162727
0 12 4 9 -1 -1 0.0034135261 -0.1689514816
0 16 11 9 -1 -1 0.0039230920 0.2337518036
3 2 1 0 -1 1 0.0014883782 -0.0037453710
2 2 16 3 -1 -1 0.0028467968 0.0776538849
1 11 1 13 -1 -1 0.0033704389 0.0308012851
0 23 4 9 -1 1 0.0028541388 -0.0387411974
3 43 1 0 -1 1 0.0016607266 0.0011869937
3 32 1 0 -1 1 0.0020191083 0.0084926076
2 39 2 5 -1 -1 0.0026772786 -0.0303909406
2 15 1 29 -1 1 0.0030876610 -0.0494135842
3 21 1 9 -1 1 0.0035796831 0.1411342919
2 15 12 9 -1 1 0.0028816159 0.0301556531
2 17 11 4 -1 -1 0.0029417232 0.0645062178
2 14 10 14 -1 -1 0.0024031871 0.0947194174
0 29 1 0 -1 -1 0.0032556648 0.0605808087
3 17 1 1 -1 -1 0.0024445457 -0.0865539312
0 14 1 10 -1 1 0.0029127109 -0.3228756785
2 6 9 17 -1 -1 0.0027445480 0.0765702724
0 3 6 1 -1 -1 0.0029752040 -0.0494475029
2 9 2 18 -1 -1 0.0027396465 -0.0757954568
1 6 1 11 -1 1 0.0021130298 0.3504913449
2 13 4 5 -1 -1 0.0018825381 0.2691987455
3 38 1 1 -1 -1 0.0019778244 0.0641629845
0 0 10 16 -1 -1 0.0025059152 -0.4640139639

#### New layer start
256 -0.0155078219
0 20 1 4 -1 1 0.0044285627 0.4101282358
0 28 3 5 -1 1 0.0046900981 0.2920798659
0 1 8 5 -1 -1 0.0057611261 -0.3987798095
0 7 2 36 -1 -1 0.0043148668 0.0676776990
2 7 12 14 -1 1 0.0032304323 0.2148377746
2 16 8 3 -1 1 0.0025785095 0.0690923184
0 7 2 14 -1 1 0.0042423448 -0.3583835363
0 0 2 2 -1 -1 0.0046421331 0.0152233019
3 2 3 8 -1 1 0.0050897426 0.1614684761
0 15 1 10 -1 -1 0.0053656562 0.0611677989
0 26 1 3 -1 -1 0.0056144460 -0.2875856161
2 21 2 2 -1 -1 0.0050356854 -0.3924315572
2 24 2 6 -1 -1 0.0047250520 0.0262063965
1 25 1 9 -1 -1 0.0075820573 0.0162166897
0 39 1 6 -1 1 0.0023118327 -0.0008403361
3 34 3 0 -1 -1 0.0048034298 -0.0451989770
0 6 3 0 -1 -1 0.0048196055 0.0025348910
0 3 3 34 -1 1 0.0037395756 -0.0720208883
2 27 2 0 -1 1 0.0081900414 0.1467460394
2 3 11 14 -1 -1 0.0049920003 0.0659805387
2 4 8 21 -1 1 0.0032335888 0.0789965391
2 11 7 6 -1 -1 0.0055539231 0.0791409612
0 15 10 1 -1 1 0.0048575741 -0.0635345429
2 22 1 0 -1 1 0.0064384677 0.0849238709
2 19 4 8 -1 -1 0.0036743276 0.0234834552
3 26 1 0 -1 -1 0.0051126038 -0.1002339199
2 30 1 2 -1 1 0.0043850937 0.0770715773
2 5 12 6 -1 -1 0.0023373070 0.0890772790
2 17 1 17 -1 -1 0.0033579089 0.0686648712
0 18 1 18 -1 1 0.0037326512 0.2344288826
3 5 1 0 -1 1 0.0023535613 0.0008689042
0 14 1 18 -1 -1 0.0063478029 0.1247775778
1 24 3 5 -1 -1 0.0059723449 -0.1712763906
0 10 1 0 -1 -1 0.0028678055 -0.0034453082
3 24 1 0 -1 -1 0.0049652783 -0.0708417743
1 8 2 14 -1 1 0.0021669986 -0.0810960978
0 7 1 16 -1 1 0.0057917535 -0.1786711812
2 24 4 14 -1 1 0.0055880714 0.0977142081
1 35 1 0 -1 -1 0.0024393792 -0.0075901602
3 8 7 0 -1 1 0.0045358376 0.1008666009
2 6 10 9 -1 1 0.0053569009 -0.0101194717
1 34 1 0 -1 -1 0.0035084265 -0.0064343181
2 44 1 2 -1 1 0.0034231613 -0.0428293496
0 23 1 12 -1 -1 0.0042183339 0.1593868136
0 6 1 1 -1 -1 0.0046089706 -0.0202565938
2 5 7 15 -1 -1 0.0034294655 -0.1021792591
3 43 1 0 -1 -1 0.0044265292 0.0158550609
2 2 2 4 -1 1 0.0041921996 0.0119602466
3 5 9 8 -1 1 0.0023961237 -0.0236081313
2 4 4 36 -1 -1 0.0033671325 0.0236764252
0 3 3 0 -1 -1 0.0036279131 0.0109718144
0 14 2 0 -1 1 0.0056540570 -0.0582426786
0 1 13 21 -1 -1 0.0055582346 -0.1703422070
0 0 2 11 -1 1 0.0071179690 -0.0164534375
1 16 1 2 -1 1 0.0041894489 0.1404001564
2 17 1 0 -1 1 0.0037039958 -0.0080322586
0 21 1 1 -1 -1 0.0059419116 0.1086113900
2 2 14 9 -1 1 0.0025770157 0.0137271676
1 11 1 0 -1 1 0.0036115521 -0.0050378153
3 19 8 1 -1 -1 0.0058793169 0.0687344521
2 23 1 9 -1 -1 0.0047991094 -0.1483424902
0 8 10 7 -1 1 0.0075819632 -0.3806281686
3 9 1 0 -1 1 0.0020135671 -0.0091565046
2 9 7 20 -1 1 0.0091181789 0.3166750371
3 40 2 0 -1 -1 0.0034130169 0.0093223052
0 11 2 29 -1 -1 0.0062357532 0.0153850196
2 11 8 6 -1 1 0.0047596721 -0.0058995020
2 9 10 8 -1 -1 0.0052278303 0.0670942962
0 36 1 1 -1 1 0.0041191676 -0.0109739583
2 25 5 12 -1 1 0.0034159599 0.0494922698
0 30 1 0 -1 -1 0.0024170228 0.0910101086
3 13 7 0 -1 1 0.0060768435 -0.0935936719
2 31 4 1 -1 -1 0.0054420810 -0.1264161617
1 0 9 8 -1 1 0.0061623501 0.3127269745
0 5 1 17 -1 1 0.0056244987 -0.1211616173
0 7 1 5 -1 -1 0.0044992543 -0.0202911738
3 12 6 4 -1 -1 0.0033857049 0.0142568229
2 14 1 7 -1 -1 0.0043361722 0.1893724352
2 20 2 8 -1 -1 0.0018028334 -0.1624602079
2 13 10 5 -1 1 0.0055560726 0.0572255701
2 2 1 21 -1 -1 0.0051331827 0.1276953369
0 5 1 22 -1 -1 0.0024888911 -0.6286619902
2 2 1 44 -1 1 0.0057067131 -0.0927627236
3 14 5 6 -1 -1 0.0065032905 0.1419876516
2 23 2 3 -1 -1 0.0029683681 -0.1505700201
2 10 12 14 -1 -1 0.0022396208 0.0810960978
0 1 3 29 -1 -1 0.0053956364 -0.2065472603
0 2 1 28 -1 1 0.0058551021 -0.5941421986
3 17 2 8 -1 1 0.0027823539 0.0769750550
2 13 1 14 -1 1 0.0032954935 -0.0316958018
2 15 5 1 -1 1 0.0059604594 0.2604478598
2 20 2 0 -1 1 0.0054055583 0.0533520617
1 23 1 3 -1 -1 0.0086030634 -0.1501366198
3 5 5 14 -1 1 0.0044273492 0.0436765999
2 18 1 0 -1 1 0.0049951742 0.0236398764
3 14 6 4 -1 -1 0.0042360886 0.0102810208
2 5 1 34 -1 1 0.0029228881 0.0198347643
2 10 4 15 -1 1 0.0050672065 0.0385489538
1 10 1 0 -1 1 0.0018466426 -0.0051458124
0 4 9 3 -1 -1 0.0055370019 -0.2170235366
0 12 1 24 -1 1 0.0038959950 -0.0689272061
3 5 1 4 -1 -1 0.0018504349 -0.0528973341
0 0 4 23 -1 1 0.0038833239 -0.3101620674
2 20 10 0 -1 1 0.0038484421 0.0383649804
0 15 2 20 -1 -1 0.0034488880 0.0481704585
2 22 1 7 -1 -1 0.0049618739 -0.1484523863
0 16 1 15 -1 1 0.0036038812 -0.1416298002
3 4 14 1 -1 1 0.0042732880 -0.0692013949
0 3 10 14 -1 -1 0.0028519938 -0.4427459836
1 22 2 1 -1 -1 0.0040552709 -0.1701758206
3 15 3 0 -1 -1 0.0045666019 -0.1286132038
3 42 1 1 -1 -1 0.0044788653 -0.0278472248
1 43 1 0 -1 1 0.0029056668 -0.0045801634
2 35 3 6 -1 -1 0.0053798570 -0.0123765450
2 18 7 14 -1 1 0.0041710804 -0.1217827871
2 13 10 14 -1 -1 0.0041835085 0.0217638910
3 37 1 4 -1 -1 0.0049627014 0.0939723477
0 45 1 0 -1 1 0.0047452478 0.0120724831
2 15 5 3 -1 -1 0.0034507904 0.2166389823
3 5 10 5 -1 -1 0.0041473364 0.0240787044
1 16 5 7 -1 1 0.0061441236 0.2815586925
2 11 2 25 -1 -1 0.0047015660 0.0179504603
0 44 1 2 -1 -1 0.0058388193 0.0307354927
2 5 4 11 -1 1 0.0051442226 0.1833966970
2 6 14 12 -1 -1 0.0054238979 0.1338319927
2 3 1 9 -1 1 0.0035049864 0.0236165803
2 13 1 24 -1 1 0.0057103680 0.0236398764
3 44 1 0 -1 -1 0.0023044215 0.0183289722
3 28 1 6 -1 1 0.0041367388 -0.1166040152
3 20 6 5 -1 -1 0.0061423322 0.0284321886
0 46 1 0 -1 1 0.0039153299 0.0104439352
0 30 7 1 -1 1 0.0050528976 0.2423176020
0 24 2 14 -1 -1 0.0043981895 0.1232781857
0 20 11 6 -1 1 0.0053076684 0.1063902006
0 14 5 24 -1 -1 0.0051531252 -0.2567046881
3 20 1 12 -1 1 0.0025330519 -0.0916913226
0 21 1 16 -1 -1 0.0052578868 0.0739688575
1 33 4 0 -1 -1 0.0069042728 -0.1227268428
2 15 12 8 -1 1 0.0044011478 0.0764026195
2 8 1 27 -1 -1 0.0032479626 0.0305110775
3 18 3 6 -1 1 0.0033488739 -0.0183966253
2 3 8 26 -1 1 0.0044036112 -0.0123578813
2 2 4 22 -1 -1 0.0037814630 -0.0400381684
0 44 1 0 -1 1 0.0030577721 0.0194498487
3 37 1 0 -1 1 0.0029428909 -0.0050933929
2 14 2 21 -1 -1 0.0037002338 0.0335977674
2 13 12 9 -1 -1 0.0040699583 0.1338262558
0 20 1 25 -1 1 0.0019327356 0.2227490842
3 7 3 0 -1 -1 0.0046111108 -0.0077588847
0 3 8 9 -1 -1 0.0031173604 -0.3889954090
3 3 1 3 -1 -1 0.0026841979 -0.0107047372
3 4 1 2 -1 1 0.0030001681 0.0132596847
3 3 1 0 -1 1 0.0023139541 -0.0034843627
0 13 10 8 -1 -1 0.0036016097 0.1255827546
2 3 7 31 -1 -1 0.0052749221 -0.0645278245
1 9 1 0 -1 1 0.0022072231 -0.0046225069
1 3 2 1 -1 1 0.0037510188 -0.0370601863
0 11 7 11 -1 1 0.0027537278 -0.1121171862
1 5 1 0 -1 -1 0.0022317804 -0.0011833593
0 4 6 1 -1 1 0.0037569455 -0.0164667778
0 31 2 5 -1 1 0.0052277273 -0.0028533516
1 29 1 4 -1 -1 0.0048668939 -0.3036548495
2 5 2 33 -1 -1 0.0033341821 0.0038911095
2 12 1 28 -1 1 0.0036638328 -0.0071685510
0 9 4 19 -1 -1 0.0045341318 -0.1614876091
2 32 1 0 -1 1 0.0046530967 0.0537804551
2 22 7 5 -1 -1 0.0039449115 0.1088123322
2 2 5 3 -1 -1 0.0033843461 -0.0196574926
2 4 2 5 -1 1 0.0031863372 0.0041067936
2 12 3 25 -1 -1 0.0046120775 0.0907135159
2 20 6 11 -1 1 0.0035551775 -0.0635615215
2 23 2 21 -1 -1 0.0033070582 -0.0690015852
0 12 1 16 -1 -1 0.0049847839 -0.5278482437
3 2 8 10 -1 -1 0.0020775613 -0.0045652315
3 7 12 0 -1 -1 0.0034590142 0.0082441438
3 2 8 7 -1 -1 0.0042073377 0.0558643118
2 19 1 0 -1 1 0.0044729412 0.0857738107
2 3 3 31 -1 -1 0.0049052113 0.0227111541
3 6 1 0 -1 -1 0.0018696433 0.0090744402
1 37 1 2 -1 -1 0.0027498589 -0.0009314155
2 2 2 24 -1 -1 0.0036550043 0.0118734334
3 3 1 13 -1 -1 0.0030629269 0.1264128387
0 28 1 10 -1 1 0.0054386267 0.3625477254
3 20 2 1 -1 1 0.0032277454 0.0332329348
0 29 1 6 -1 -1 0.0036713895 0.5661569834
2 2 14 4 -1 -1 0.0033806677 0.0649909303
2 8 6 28 -1 1 0.0049679293 0.0879889727
0 26 6 4 -1 -1 0.0044491021 0.2916204035
2 23 8 0 -1 1 0.0030619905 0.1820742786
2 24 1 0 -1 -1 0.0033238579 -0.1752406359
1 17 1 0 -1 -1 0.0016326130 0.0043165553
0 15 5 16 -1 1 0.0026165054 0.1461803764
3 19 3 6 -1 -1 0.0033082149 0.2929107547
2 6 3 11 -1 -1 0.0035613156 0.1117129773
0 34 1 0 -1 -1 0.0053152759 0.0383974388
2 2 1 32 -1 1 0.0029051222 0.1116079465
3 15 3 8 -1 1 0.0040567513 0.1686332524
1 44 1 0 -1 -1 0.0030693505 0.0152919507
2 15 1 16 -1 -1 0.0034783636 0.2994228601
3 33 1 0 -1 1 0.0022328726 0.0167691484
3 8 1 2 -1 1 0.0027525492 0.0064240126
3 6 4 5 -1 1 0.0030531837 0.0720312595
2 17 3 15 -1 -1 0.0025640945 0.0157135092
2 3 6 25 -1 1 0.0046590799 0.0546372198
3 37 1 1 -1 1 0.0017751945 0.0183936320
2 43 1 1 -1 -1 0.0031833090 0.0334264413
2 22 5 5 -1 -1 0.0030675465 0.0346132517
2 11 4 29 -1 1 0.0018316129 -0.0073350072
0 28 5 5 -1 1 0.0035252324 0.2676157951
2 11 10 10 -1 -1 0.0034418469 0.1779316217
2 5 6 1 -1 -1 0.0023693850 -0.0833796412
0 17 6 8 -1 1 0.0031399964 -0.1005643830
2 3 3 9 -1 1 0.0035624364 -0.4016880393
2 19 9 7 -1 -1 0.0017430772 0.0190020613
1 36 1 2 -1 -1 0.0024199598 0.0043956256
2 42 1 0 -1 -1 0.0014986665 -0.0210748389
3 17 2 4 -1 1 0.0026738492 -0.3496145308
1 8 10 5 -1 1 0.0035542138 0.2574118972
3 39 1 1 -1 -1 0.0023612876 0.0404786095
3 16 3 0 -1 -1 0.0027507457 -0.0818752944
2 2 7 14 -1 1 0.0034031612 -0.0628368855
2 3 1 43 -1 -1 0.0021404251 -0.0197498444
0 0 4 25 -1 1 0.0038824785 -0.3676082492
2 7 6 19 -1 1 0.0027919563 0.1208626851
0 43 2 0 -1 1 0.0030063663 -0.0163517520
2 12 4 14 -1 1 0.0038840962 0.0779193789
0 20 4 7 -1 -1 0.0040745302 0.2384437323
3 2 2 0 -1 -1 0.0016627379 -0.0007002856
2 20 1 0 -1 1 0.0028883626 0.1055637076
2 2 1 38 -1 -1 0.0018839828 0.0100756306
0 3 2 39 -1 -1 0.0038086111 -0.4151452184
2 3 2 34 -1 1 0.0032020765 0.0910101086
3 27 1 0 -1 -1 0.0020153122 -0.0107334871
2 14 3 7 -1 1 0.0019379945 0.1630032361
2 25 3 6 -1 1 0.0042202254 0.0945884585
0 13 2 0 -1 1 0.0032972381 -0.0354248695
3 15 6 4 -1 -1 0.0029022580 0.0248682480
2 15 4 21 -1 1 0.0031070912 0.0604502708
2 11 6 19 -1 -1 0.0043898765 0.0740356594
2 5 13 12 -1 1 0.0022902901 0.1090416387
0 17 4 8 -1 -1 0.0021929892 -0.0612701625
3 3 1 12 -1 1 0.0022940419 0.0180639233
2 19 5 13 -1 1 0.0033442690 -0.1891682446
0 14 4 3 -1 1 0.0031186431 0.1862223595
2 25 1 0 -1 1 0.0017501126 -0.0280186906
0 4 1 37 -1 1 0.0028900900 -0.2447180450
2 24 5 4 -1 -1 0.0030390532 0.0530318990
2 10 6 8 -1 -1 0.0024988141 0.0585047677
3 7 1 0 -1 -1 0.0017381526 0.0134318396
2 32 6 4 -1 -1 0.0024288492 -0.0502833426
2 19 8 5 -1 -1 0.0021782676 0.0609309375
2 21 2 4 -1 1 0.0019936117 -0.3442416787
0 15 1 1 -1 1 0.0020854324 -0.0126316352
2 6 2 26 -1 -1 0.0022036512 0.2173405141
2 21 8 5 -1 -1 0.0021890639 -0.0013851372
2 5 12 19 -1 1 0.0024817463 0.0329831317

#### New layer start
256 0.0
3 4 3 15 -1 -1 0.0030432199 -0.1740858853
0 30 1 11 -1 1 0.0054852841 0.4159011245
0 6 2 2 -1 -1 0.0058361497 0.0117990049
1 20 6 4 -1 -1 0.0119233746 -0.0909059346
2 10 8 6 -1 1 0.0032973972 -0.0471271165
1 32 1 4 -1 -1 0.0050788266 -0.1715410352
0 13 1 24 -1 -1 0.0065817083 0.0656816214
2 13 1 11 -1 1 0.0037660566 0.2577967644
0 8 1 14 -1 1 0.0069214934 -0.3198837042
1 14 5 6 -1 1 0.0062986291 0.0943225920
0 0 4 12 -1 -1 0.0016366626 -0.6316468716
0 16 2 15 -1 -1 0.0024555451 0.0460759625
0 0 2 1 -1 -1 0.0040496816 0.0148710329
0 35 3 2 -1 -1 0.0015640906 0.0427564159
3 33 2 3 -1 -1 0.0054096980 -0.0029156748
3 8 9 6 -1 1 0.0062860958 -0.0537731536
2 22 1 0 -1 1 0.0071589444 0.0528206080
0 15 10 1 -1 1 0.0033425624 -0.0330804437
2 2 4 19 -1 -1 0.0051869517 -0.1451500952
2 29 2 1 -1 1 0.0063638957 0.1146311164
2 30 5 8 -1 1 0.0030414416 -0.2049875706
2 2 3 40 -1 -1 0.0017657347 0.0215938352
2 9 4 6 -1 1 0.0044762357 0.2799029350
0 9 6 3 -1 -1 0.0072553777 -0.3970801234
3 13 8 0 -1 1 0.0024451048 -0.0427890196
3 3 2 9 -1 1 0.0033040070 0.1635126770
0 2 3 1 -1 -1 0.0041696527 0.0100968024
2 2 2 1 -1 1 0.0035343133 -0.0151452022
2 18 2 20 -1 1 0.0034899793 -0.0339946076
2 15 11 10 -1 -1 0.0028016418 0.0668154508
2 23 1 0 -1 -1 0.0061506173 -0.1731306314
2 22 1 15 -1 1 0.0041884510 -0.0651668310
0 38 1 7 -1 1 0.0033079642 -0.0058997562
0 29 3 4 -1 1 0.0055682752 0.2252562940
0 2 1 1 -1 -1 0.0020729883 -0.0238492079
1 0 1 0 -1 1 0.0030985428 -0.0048030782
0 0 5 1 -1 1 0.0004904784 -0.0139832404
0 6 9 20 -1 -1 0.0066105491 -0.1873489618
0 6 14 5 -1 1 0.0063264114 -0.3191823363
2 19 8 8 -1 1 0.0052377055 -0.0609309375
3 21 2 0 -1 1 0.0058914744 0.0198216252
2 3 1 7 -1 1 0.0033426397 0.0238492079
1 15 1 1 -1 1 0.0055308505 0.0904210955
1 12 1 1 -1 1 0.0014765310 -0.0120900543
0 17 7 6 -1 1 0.0053475918 -0.1411069334
0 10 2 11 -1 1 0.0031740398 -0.1328808218
0 6 3 36 -1 -1 0.0047337576 0.0366483554
3 7 3 0 -1 1 0.0049338075 0.0033904952
2 21 2 9 -1 -1 0.0026128611 0.0057144724
1 22 3 0 -1 -1 0.0063925288 -0.2055722177
2 27 1 1 -1 1 0.0063230172 0.1746303588
3 24 6 0 -1 -1 0.0073511787 -0.1627575457
0 0 4 23 -1 1 0.0060345861 -0.3092014194
0 1 2 29 -1 -1 0.0054016775 -0.2529646158
1 7 1 0 -1 1 0.0015843343 -0.0046189623
2 4 1 0 -1 -1 0.0039262399 0.0100840628
2 20 7 14 -1 1 0.0046254131 -0.0313698649
0 4 3 30 -1 1 0.0061696698 -0.0298826396
0 1 9 23 -1 -1 0.0078628799 -0.1383660436
3 35 3 1 -1 -1 0.0035447348 0.0251894929
0 19 2 8 -1 1 0.0051994282 -0.0845993608
0 13 1 22 -1 1 0.0028931869 -0.0977321118
2 5 3 19 -1 -1 0.0049993168 -0.0562509745
1 16 10 0 -1 -1 0.0065437192 0.0898984671
1 8 1 15 -1 1 0.0038636304 -0.0826038495
2 32 1 3 -1 1 0.0043436242 -0.0605808124
2 12 10 13 -1 -1 0.0061492426 0.0739888474
1 11 2 15 -1 1 0.0038310327 0.3675546050
2 16 1 0 -1 1 0.0049096216 -0.0439374819
1 37 1 0 -1 -1 0.0012722006 -0.0097312415
0 38 4 2 -1 -1 0.0024266965 0.0469223522
2 7 1 34 -1 1 0.0029086557 0.0205605552
0 42 3 0 -1 1 0.0032620647 -0.0020704735
1 3 11 0 -1 -1 0.0039488385 0.2351204455
1 33 1 0 -1 -1 0.0035542864 -0.0085215308
3 14 3 6 -1 -1 0.0048446427 -0.1719003171
2 37 1 0 -1 -1 0.0042074164 -0.0183409788
0 26 1 0 -1 1 0.0047497032 -0.0360268503
2 25 4 10 -1 1 0.0021953392 0.0757820159
0 13 1 0 -1 1 0.0051240842 -0.0362541080
3 33 1 0 -1 1 0.0031382567 -0.0153502747
3 11 7 7 -1 -1 0.0028212520 0.0384569652
1 18 1 0 -1 1 0.0045824419 0.0183936320
3 11 9 4 -1 1 0.0029986647 -0.0453182682
2 6 8 1 -1 -1 0.0054408903 -0.0985674635
0 1 2 9 -1 -1 0.0050702854 -0.1466866434
1 4 1 6 -1 -1 0.0020988281 -0.1236187518
2 14 4 14 -1 1 0.0036911464 0.4231348634
2 6 1 2 -1 -1 0.0026070492 0.0336808562
1 45 1 0 -1 1 0.0021792550 -0.0045385882
0 42 1 0 -1 1 0.0037329860 0.0189081691
0 9 1 15 -1 1 0.0045430749 -0.0932768360
1 10 6 4 -1 1 0.0037545522 0.1102752686
2 15 6 21 -1 -1 0.0029122857 0.1464711428
3 45 1 0 -1 -1 0.0024682565 0.0187881682
3 4 9 6 -1 -1 0.0057998169 0.0343295485
0 16 7 0 -1 -1 0.0030332236 0.0050173067
3 27 4 1 -1 1 0.0036917198 -0.1969995201
2 10 7 21 -1 -1 0.0076475302 0.0386822596
2 14 1 29 -1 1 0.0046452405 -0.0455050543
3 31 1 6 -1 -1 0.0066462415 0.0981402844
2 42 1 0 -1 -1 0.0027119827 -0.0230220314
0 9 2 1 -1 -1 0.0025878609 -0.0101455869
3 17 1 6 -1 1 0.0028751357 -0.3965581954
3 4 4 12 -1 -1 0.0032758114 -0.1203066260
1 14 1 5 -1 1 0.0027816813 0.2995833755
0 7 2 16 -1 -1 0.0037829448 -0.0101714861
2 33 2 1 -1 -1 0.0040675206 -0.1616351604
1 30 1 0 -1 -1 0.0021670533 -0.0091186250
3 6 2 2 -1 -1 0.0042842049 -0.0122299921
3 5 3 1 -1 1 0.0037893641 0.0030799781
2 18 6 8 -1 -1 0.0074879411 0.0896759331
3 21 1 0 -1 1 0.0027111277 0.0147140529
2 24 1 21 -1 -1 0.0004011781 -0.0550080910
2 24 5 8 -1 1 0.0055324193 0.2286190689
0 15 7 10 -1 -1 0.0060753194 0.0233181380
3 4 1 0 -1 -1 0.0020807434 0.0045351707
3 15 1 1 -1 -1 0.0013217239 -0.1486833096
0 28 5 1 -1 1 0.0081917290 0.0206781626
0 3 12 21 -1 1 0.0043425057 -0.0602697432
1 35 1 0 -1 1 0.0010648745 -0.0174912587
0 14 2 17 -1 -1 0.0042795055 0.1650471687
3 12 5 8 -1 -1 0.0057549514 0.1224722266
2 9 7 24 -1 1 0.0049320166 0.0698841363
2 7 11 19 -1 -1 0.0043291347 0.1429725587
0 7 5 15 -1 -1 0.0043931613 -0.7001667619
1 39 1 0 -1 -1 0.0014278794 0.0051993225
0 24 1 14 -1 -1 0.0034681612 0.1729475409
0 27 9 2 -1 1 0.0053741438 0.3021743298
2 22 8 5 -1 -1 0.0050128326 0.0866199508
2 5 6 30 -1 -1 0.0020658886 -0.0241040289
3 9 1 3 -1 -1 0.0043109539 -0.0874719769
1 2 1 2 -1 1 0.0041786409 -0.0330852158
2 3 1 36 -1 -1 0.0023418788 0.0088890642
3 4 1 2 -1 1 0.0024699739 -0.0035336129
3 18 3 0 -1 1 0.0038081589 -0.1125976965
2 22 9 7 -1 1 0.0046308325 0.0505626798
2 11 1 14 -1 -1 0.0049656243 0.0174836256
3 9 1 16 -1 -1 0.0037090273 0.0234146565
0 6 11 0 -1 -1 0.0058333920 -0.2488394380
3 2 1 13 -1 -1 0.0049948972 0.2178400606
2 9 6 14 -1 1 0.0022581709 0.1042513698
3 9 7 4 -1 1 0.0049976204 -0.0998538584
0 9 6 10 -1 1 0.0063387668 -0.5346914530
1 19 1 5 -1 -1 0.0047158878 -0.3594172299
0 9 5 13 -1 1 0.0019353174 -0.3114104867
2 11 3 18 -1 1 0.0054766182 0.1327010691
0 7 6 2 -1 -1 0.0042782761 -0.3947518468
3 5 6 10 -1 1 0.0043480690 -0.0769618899
0 4 5 19 -1 1 0.0054938109 -0.5764375925
2 17 1 19 -1 -1 0.0041616075 0.1934820116
2 3 13 6 -1 -1 0.0034390430 0.0804694816
2 5 11 6 -1 1 0.0037678264 0.0265319142
0 3 12 10 -1 -1 0.0042189052 -0.3025820851
2 26 3 13 -1 1 0.0040353639 0.1053381413
1 0 1 1 -1 -1 0.0029144590 -0.0056258901
2 2 7 24 -1 1 0.0036630901 0.0282764174
1 3 2 14 -1 1 0.0044956785 0.2348802388
2 19 1 0 -1 -1 0.0019916866 -0.0801069587
2 15 10 5 -1 1 0.0037902689 0.0595035218
1 41 1 0 -1 -1 0.0045926780 0.0062370338
1 39 3 0 -1 1 0.0029493098 -0.0093671251
2 3 1 19 -1 -1 0.0033128499 0.1444147378
1 1 1 1 -1 1 0.0029649297 0.0079491455
2 22 1 9 -1 -1 0.0034780798 -0.1906266212
2 4 18 6 -1 -1 0.0036222143 0.0683018342
0 8 7 13 -1 1 0.0009082786 -0.3343209028
1 21 1 6 -1 1 0.0053532058 0.1119423732
2 19 1 9 -1 -1 0.0039013100 0.0823287368
0 16 1 9 -1 -1 0.0053620799 0.0511965826
3 43 1 0 -1 -1 0.0046452270 -0.0057637366
3 18 1 5 -1 -1 0.0052620061 0.0171145126
3 28 6 1 -1 1 0.0057492857 0.0426246487
0 7 4 28 -1 -1 0.0036921962 -0.0055762855
2 28 1 11 -1 1 0.0016339845 0.0411035046
2 19 5 1 -1 1 0.0064741513 -0.0925362855
1 14 2 2 -1 1 0.0046830121 0.2846688032
0 42 2 2 -1 -1 0.0035383671 0.0442757905
1 43 1 0 -1 1 0.0018554410 0.0021786597
2 21 1 0 -1 1 0.0039106058 0.0178174600
3 5 1 7 -1 -1 0.0027659186 0.0783232898
3 20 2 7 -1 1 0.0037811040 -0.1143303588
2 26 6 9 -1 -1 0.0040982473 0.1303481013
2 24 2 7 -1 -1 0.0049541751 0.0761892200
2 19 2 9 -1 -1 0.0029472059 -0.0643974245
2 5 2 17 -1 -1 0.0038583237 0.0579612479
1 9 1 0 -1 -1 0.0022283772 -0.0130637260
0 20 1 3 -1 1 0.0058833421 0.2722367644
2 11 1 11 -1 -1 0.0031700321 0.0868572518
2 43 1 3 -1 -1 0.0025291909 0.0090499595
2 8 1 26 -1 -1 0.0030623421 0.0316832960
2 5 6 13 -1 1 0.0044381064 -0.1449885964
3 26 3 3 -1 1 0.0028556085 -0.2336342782
0 0 4 7 -1 1 0.0042566680 -0.0182523020
2 21 2 19 -1 1 0.0042538503 -0.2756709754
2 4 2 0 -1 -1 0.0016691166 -0.0087609654
2 6 3 4 -1 -1 0.0036810888 -0.1259551048
3 5 5 12 -1 -1 0.0049316785 -0.1237561926
1 13 1 2 -1 1 0.0055459710 0.2169627845
2 21 8 7 -1 1 0.0027791089 -0.0296982266
1 2 1 0 -1 -1 0.0029258060 0.0045766830
3 13 11 1 -1 1 0.0036532828 -0.0669889450
0 0 10 10 -1 1 0.0043389802 -0.2496120930
2 15 1 16 -1 -1 0.0041717254 0.3031818271
0 19 3 7 -1 -1 0.0054345601 0.0364940092
1 28 2 2 -1 -1 0.0060552289 -0.1289185286
2 8 7 10 -1 1 0.0028665897 -0.0315094329
2 23 1 7 -1 -1 0.0034557737 0.0471960194
2 18 1 1 -1 1 0.0031121832 0.0776161104
1 3 1 0 -1 -1 0.0018679783 -0.0013986041
0 0 1 23 -1 1 0.0024424598 -0.0672359318
2 27 1 11 -1 -1 0.0041883891 -0.0013698631
2 2 2 27 -1 1 0.0026863720 0.0489009693
3 2 1 14 -1 -1 0.0031319845 0.0908712149
0 8 1 0 -1 1 0.0029601471 0.0009842520
2 10 1 35 -1 1 0.0020925838 0.0255982913
2 21 10 5 -1 -1 0.0032406901 0.0407603197
2 17 13 3 -1 1 0.0044407835 0.0476327166
3 9 2 0 -1 -1 0.0021963732 0.0055814004
0 5 16 9 -1 -1 0.0063074520 0.1712574065
0 10 2 24 -1 1 0.0036885552 -0.2216864973
0 15 6 6 -1 1 0.0024400481 -0.0365518779
2 35 2 6 -1 -1 0.0026807855 -0.0614220947
2 17 1 17 -1 -1 0.0025419572 0.2425517887
3 2 1 12 -1 1 0.0027458104 0.0865599811
2 3 10 0 -1 1 0.0043894267 -0.0726436228
2 10 10 8 -1 -1 0.0026042224 0.0926886946
2 13 2 25 -1 1 0.0021710435 -0.0128869051
3 13 2 6 -1 -1 0.0036072766 -0.3021780252
3 36 1 0 -1 1 0.0014029386 0.0034782714
0 7 1 20 -1 1 0.0029729910 -0.7061021924
0 26 1 17 -1 -1 0.0036954919 0.0946657211
2 22 5 9 -1 1 0.0036006796 -0.1469513327
1 16 1 3 -1 1 0.0047337953 0.2782323360
2 4 17 6 -1 1 0.0037163228 0.0409051217
3 17 3 7 -1 1 0.0030212384 0.0621382669
0 28 2 10 -1 1 0.0030595227 0.2237205505
3 28 1 0 -1 -1 0.0021307378 -0.0066228071
1 8 1 10 -1 1 0.0038849714 0.2681488693
2 14 1 22 -1 -1 0.0035097459 0.1620059311
0 18 1 0 -1 1 0.0035204678 -0.0777489915
1 5 7 5 -1 -1 0.0036443078 0.2310086787
0 15 11 11 -1 1 0.0040934496 0.3118354678
0 1 4 22 -1 -1 0.0036433570 -0.7100257874
1 4 2 16 -1 -1 0.0023726209 0.0758265033
3 11 8 1 -1 1 0.0029500853 -0.0349739604
2 9 1 1 -1 -1 0.0023507301 0.0314962789
0 0 23 2 -1 -1 0.0033277962 -0.1098183021
2 2 1 10 -1 1 0.0022093235 0.0178971812
1 5 1 1 -1 -1 0.0016199877 -0.0005102041
3 19 2 11 -1 1 0.0022649169 -0.0838825777
2 5 16 11 -1 -1 0.0023947486 0.1120354906
2 3 2 10 -1 -1 0.0022558649 -0.0396583416
1 12 1 0 -1 1 0.0014965960 -0.0047961907
1 2 5 12 -1 1 0.0025137323 0.2910228670
2 11 1 29 -1 -1 0.0014499723 0.0123266857
